1000000021,        0
     4086,     4430
     4088,     4430
     4089,     4430
     4090,     4091
     4091,     4430
     4092,1000000021
     4118,     4119
     4119,  1163740
     4120,     4424
     4121,  1167330
     4122,1000000021
     4124,    31858
     4315,1000000021
     4320,    30476
     4321,  1166193
     4322,    30443
     4323,1000000021
     4324,     4315
     4325,    35483
     4326,1000000021
     4327,  1163750
     4328,    35476
     4329,    35495
     4330,    35484
     4331,    35467
     4333,     4335
     4334,     4338
     4335,1000000021
     4336,    32251
     4337,1000000021
     4338,    35845
     4339, 42776711
     4340,  2153266
     4341,    34864
     4342,1000000021
     4343,1000000021
     4344,     4346
     4345,     4346
     4346,1000000021
     4347,1000000021
     4349,    27322
     4350,     4344
     4351, 42764804
     4352,    29358
     4353,    27310
     4354,    27341
     4355,     4351
     4412, 42780035
     4421,    32202
     4422,1000000021
     4423, 42757934
     4424,    32279
     4425,     4426
     4426,1000000021
     4427,1000000021
     4428,  1165486
     4429,    37437
     4430,    32145
     4431,    34096
     4452,    34647
     4453,     4424
     4454,     4424
     4455,     4454
     4456,    33163
     4494,  1166809
     4495,  1166810
     4496,  1165489
     4514,  1165491
     4515,  1164970
     4581,    36179
     4583,    34475
     4587,  1163889
     4588,1000000021
     4589,    36181
     4590,     4589
     4678,  1167245
    17388,    33512
    17415,  1167330
    17420,    34861
    17421,1000000021
    17422,  1165837
    17427, 42787785
    17466,     4587
    17489,    33571
     7641,  1166810
     7665,     4092
     7757,1000000021
    27305,    27306
    27306,     4412
    27307,     4352
    27308,  1164425
    27310,    27311
    27311,    30459
    27312,     4352
    27313,    29376
    27315,     4352
    27316,     4354
    27317,  1165222
    27318,     4351
    27319,    27317
    27320,    27321
    27321,    27365
    27322,    27323
    27323,  1165730
    27324,  1165730
    27325,  2152572
    27326,     4344
    27327,     4352
    27328,    27331
    27329, 42758186
    27330,    27336
    27331,    27329
    27332,     4351
    27333,  1165730
    27334,  1165730
    27335,    27334
    27336,    29376
    27338,     4349
    27339,  1165730
    27340,     4352
    27341,     4351
    27342,  1164425
    27343,  1165260
    27344,    27308
    27345, 42764799
    27346,    27347
    27347,    27343
    27348,     4352
    27349,  2152572
    27350,1000000021
    27351,1000000021
    27352,    27362
    27353,  1164828
    27354,1000000021
    27355,    27354
    27356,1000000021
    27357,    27358
    27358,    27356
    27359,    27361
    27360,    27359
    27361,    27364
    27362,    27353
    27363,1000000021
    27364,1000000021
    27365,     4351
    27681,     4353
    29352,    27341
    29353,  2152572
    29354,  1165730
    29355,    27341
    29356,  1164425
    29357,  1165730
    29358,    17422
    29359,     4351
    29360, 42764804
    29361, 42764804
    29362,  1165730
    29363,  1165730
    29364,    27342
    29365,1000000021
    29366,  2152572
    29368, 42780035
    29369,     4352
    29370,     4344
    29371,     4344
    29372,  2152572
    29373,    27341
    29374,     4351
    29375,     4351
    29376,  1167215
    29377,    27322
    29378,     4351
    29379,  1165730
    29380,     4352
    29381,     4352
    29382,     4352
    29383,    27327
    29384,    27362
    29385,    27354
    29386,    27355
    29387,1000000021
    29388,    30460
    29389,1000000021
    29390,  1165730
    29391,    27324
    29392,  1165730
    29393,  1165730
    29394,  1165730
    29395,    27343
    29396,     4352
    29397,1000000021
    29888,1000000021
    30123,    30397
    30124,    30402
    30125,    30402
    30142,     4514
    30147,     4514
    30148,     4514
    30149,     4514
    30160,    30142
    30165,    33679
    30166,    30257
    30172,    30257
    30173,    30149
    30207,    30257
    30208,    30257
    30241,     4515
    30242,     4514
    30243,     4514
    30251,    30257
    30252,    30257
    30256,    30257
    30257,     4092
    30260,    30257
    30261,     4124
    30262,     4124
    30263,    30262
    30264,    30263
    30265,    30257
    30266,    30208
    30267,    30257
    30274,     4124
    30275,     4124
    30276,     4124
    30280,     4124
    30281,     4124
    30282,     4124
    30283,    30261
    30284,     4124
    30285,     4124
    30286,    30285
    30290,  1166952
    30291,  1166952
    30292,    30257
    30293,    30292
    30392,1000000021
    30393,    30402
    30394,1000000021
    30395,     4124
    30396,     4092
    30397,    30257
    30398,    30401
    30399,    30401
    30400,     4092
    30401,     4092
    30402,     4092
    30403,     4092
    30439,1000000021
    30440,1000000021
    30441,    30458
    30442,  1166193
    30443,  1166193
    30444,  1166193
    30445,    30480
    30446,1000000021
    30447,1000000021
    30448,    27307
    30449,    30448
    30450,    17422
    30451,    30450
    30452,1000000021
    30453,1000000021
    30454,1000000021
    30455,1000000021
    30456,    30470
    30457,1000000021
    30458,1000000021
    30459, 42775631
    30460,1000000021
    30461,1000000021
    30462,    30463
    30463,    30464
    30464,    30465
    30465,     4320
    30466,     4320
    30467,     4352
    30468,     4352
    30469,     4321
    30470,1000000021
    30471,    30458
    30472,     4321
    30473,    30469
    30474,    30462
    30475,  1166193
    30476,  1166193
    30477,     4320
    30478,    30442
    30479,    30442
    30480,    30444
    30481,    30456
    30482,    30458
    30483,     4092
    31075,    30242
    31076,    30149
    31077,     4514
    31078,     4514
    31559,     4514
    31561,     4514
    31562,     4514
    31563,     4515
    31564,     4514
    31566,    30257
    31571,     4092
    31572,    30257
    31575,    30257
    31578,    30257
    31580,     4124
    31581,    30261
    31582,     4124
    31583,     4124
    31584, 42784398
    31591,    30265
    31593,     4124
    31594,     4124
    31596,     4124
    31597,1000000021
    31598,     4092
    31853,1000000021
    31856,    30402
    31857,    30402
    31858,     4092
    31860,    30257
    31902,1000000021
    31903,1000000021
    31904,    30456
    31905,    31921
    31906,  1166193
    31907,  1166193
    31908,  1166193
    31909,    30458
    31910,1000000021
    31911,    30458
    31912,     4344
    31913,     4320
    31914,  1166193
    31915,     4321
    31916,  1166193
    31917,  1166193
    31918,     4320
    31919,     4320
    31920,  1166193
    31921,    30479
    31922,  1166193
    31923,    30458
    31975,     4430
    31976,1000000021
    31977,    31978
    31978,    31979
    31979,1000000021
    31980,1000000021
    31981,    31978
    31982,1000000021
    31983,  1165347
    31984,    31983
    31985,    32036
    31987,    32036
    31989,    32036
    31991,  1166851
    31992,  1165486
    31993,  1165486
    31994,  1165486
    31995,    32006
    31996, 42787785
    31997, 42787785
    31998,  1165486
    32004,  1165486
    32005,  1165486
    32006, 42787785
    32007,  1165486
    32008,    34601
    32009,     4430
    32010,1000000021
    32011,1000000021
    32012,1000000021
    32013,    32097
    32014,1000000021
    32015,1000000021
    32016,1000000021
    32017,1000000021
    32018,1000000021
    32019,1000000021
    32020,1000000021
    32021,1000000021
    32022,    32021
    32023,    32021
    32024,  1164939
    32025,1000000021
    32027,1000000021
    32029,1000000021
    32030,1000000021
    32031,    34094
    32032,1000000021
    32033,    35671
    32034,1000000021
    32036,    32037
    32037,1000000021
    32044,     4118
    32052,     4424
    32060,1000000021
    32067,    32069
    32068,    32069
    32069,1000000021
    32071,  1165564
    32072,  1165448
    32074,    32086
    32075,  1165448
    32076,  1165448
    32077,    33275
    32078,1000000021
    32079,    32077
    32080,    32079
    32081,    34555
    32082,1000000021
    32083,  1165448
    32084,  1165448
    32085,  1165448
    32086,  1165448
    32087,1000000021
    32088,1000000021
    32089,    32087
    32090,    32097
    32091,    32090
    32092,    32118
    32093,    32118
    32094,    32117
    32095,1000000021
    32096,1000000021
    32097,1000000021
    32098,1000000021
    32099,1000000021
    32100,1000000021
    32101, 42769038
    32102,1000000021
    32103, 42769038
    32104,    32938
    32105,    32108
    32106,1000000021
    32107,    32106
    32108,    32107
    32109,    32094
    32110,    32094
    32111,    32094
    32112,    32146
    32113,    32146
    32114,  1165486
    32115,    32116
    32116,    32146
    32117,1000000021
    32118,1000000021
    32134,    32236
    32135,     4453
    32136,     4453
    32137,    32276
    32138,1000000021
    32139,    32097
    32140,    32141
    32141,    32146
    32142,     4430
    32143,     4430
    32144,  1166851
    32145,  1166851
    32146,1000000021
    32147,1000000021
    32148,1000000021
    32149,    32145
    32150,    32097
    32151,    32097
    32152,    32097
    32153,    32097
    32154,    32097
    32155,    32097
    32156,    32097
    32157,1000000021
    32158,    32087
    32159,    32012
    32160,    32012
    32161,     4455
    32163,    34397
    32167,    32174
    32168,    32174
    32169,    32174
    32170,    32163
    32171,1000000021
    32173, 42784508
    32174,    32173
    32176,     4086
    32177, 42788437
    32178,     4430
    32179,    32195
    32182,     4455
    32183,     4430
    32184,     4430
    32185,     4430
    32186, 42788437
    32187, 42788437
    32188,    32198
    32189,    32195
    32190,    32195
    32191,    32195
    32192,    32195
    32193,    32195
    32194,    32185
    32195,    32185
    32196,    32195
    32197,    32195
    32198,    32195
    32199,     4425
    32200,     4425
    32201,     4425
    32202,     4425
    32203,     4421
    32204,    32238
    32205,    32199
    32206,1000000021
    32207,    32208
    32208,1000000021
    32209,1000000021
    32210,1000000021
    32211,1000000021
    32212,1000000021
    32213,    32205
    32214,    32200
    32215,     4425
    32216,     4426
    32217,     4426
    32218,     4426
    32219,     4424
    32220,     4426
    32221,     4426
    32222,     4426
    32223,     4426
    32224,1000000021
    32225,     4426
    32226,     4426
    32227,     4426
    32228,     4424
    32229,    32239
    32230, 42757934
    32231,1000000021
    32232,1000000021
    32233,    32236
    32234,    32236
    32235,    32236
    32236,     4423
    32237,1000000021
    32238,1000000021
    32239,     4426
    32240,1000000021
    32241,1000000021
    32242,1000000021
    32243,1000000021
    32244,1000000021
    32245,1000000021
    32246,1000000021
    32247,1000000021
    32248,1000000021
    32249,    32253
    32250,1000000021
    32251,1000000021
    32252,1000000021
    32253,1000000021
    32256,  1165448
    32258,  1165448
    32259,    33722
    32260,  1165448
    32261,  1165448
    32276,    32239
    32277,    35691
    32278,     4453
    32279,     4426
    32280,     4453
    32281,     4453
    32282,     4453
    32283,     4453
    32284,     4453
    32285,    35691
    32897,    34390
    32900,     4424
    32908, 42769038
    32909,    32908
    32910,    32111
    32922,    32923
    32923,    34509
    32924,    33717
    32925,    33717
    32926,    32927
    32927,    33717
    32930,    34390
    32933,  2153671
    32938,    32910
    32939,    32962
    32940,    32909
    32941,    32909
    32942,    32909
    32943,    32938
    32944,    32938
    32945, 42769038
    32946, 42769038
    32947,    32953
    32948,  1164956
    32949,  1164956
    32950,  1164956
    32951,  1164956
    32952,  1164956
    32953,  1164956
    32954,  1166851
    32955,    32957
    32956,    32955
    32957,  1166851
    32958,    32951
    32959,    32951
    32960,    32909
    32961,    32940
    32962,    32941
    32963,1000000021
    32964,1000000021
    32965,    32979
    32966,1000000021
    32967,1000000021
    32968,1000000021
    32969,1000000021
    32970,1000000021
    32971,1000000021
    32972,1000000021
    32973,    32972
    32974,    32975
    32975,    35688
    32976,    32979
    32977,    32979
    32978,    32977
    32979,1000000021
    32980,1000000021
    32981,1000000021
    32982,1000000021
    32983,1000000021
    32984,1000000021
    32985,1000000021
    32986,1000000021
    32987,1000000021
    33033,     4086
    33163,     4455
    33164,     4455
    33166,     4455
    33171,     4454
    33183,  1165448
    33192,  2153347
    33195,  1165448
    33196,  1165448
    33199,    37447
    33201,  1165448
    33203,  1165448
    33205,    33221
    33206,  1165448
    33207,  1166190
    33208, 42789154
    33220,    33221
    33221,  1165448
    33222,  1165448
    33223,  1165448
    33224,  1165448
    33227,     4424
    33228,     4424
    33229,     4424
    33230,     4456
    33232,     4456
    33240,     4456
    33241,     4454
    33247,    35695
    33250,     4453
    33251,     4453
    33254,     4453
    33255,    33254
    33256,    33247
    33259,    33260
    33260,    34447
    33264,     4453
    33265,     4453
    33266,1000000021
    33267,1000000021
    33268,1000000021
    33269,1000000021
    33270,1000000021
    33271,    33279
    33272,    32986
    33273,    33280
    33274,    33282
    33275,1000000021
    33276,1000000021
    33277,1000000021
    33278,1000000021
    33279,    32986
    33280,    32986
    33281,    33275
    33282,    33275
    33283,1000000021
    33284,    33283
    33285,1000000021
    33286,1000000021
    33287,1000000021
    33288,1000000021
    33289,1000000021
    33290,    34635
    33291,1000000021
    33292,1000000021
    33293,1000000021
    33294,    33296
    33295,    33296
    33296,    34473
    33297,    33296
    33299,    33300
    33300,    34473
    33302,1000000021
    33303,1000000021
    33304,1000000021
    33306,    33383
    33307,    33275
    33308,    33275
    33309,    33275
    33310,    33312
    33311,    33312
    33312,    33313
    33313,1000000021
    33314,     4424
    33315,     4424
    33316, 42791322
    33317,1000000021
    33318,1000000021
    33331,     4424
    33332, 42791322
    33333,     4424
    33334,    33314
    33335,     4424
    33340,1000000021
    33341,1000000021
    33342,    33341
    33343, 42767093
    33353,1000000021
    33354,1000000021
    33355,1000000021
    33356,1000000021
    33357,    33292
    33362,    37447
    33363,    33362
    33364,  2152971
    33365,1000000021
    33366,1000000021
    33367,1000000021
    33368,    34475
    33369,1000000021
    33370, 42771312
    33371,    33450
    33372,1000000021
    33373,1000000021
    33374,1000000021
    33375,1000000021
    33376,1000000021
    33377,1000000021
    33378,1000000021
    33379,1000000021
    33380,1000000021
    33381,1000000021
    33382,1000000021
    33383,    33275
    33384,    33275
    33385,    33362
    33386,    37447
    33387,    37447
    33391,    37447
    33393,    37447
    33394,1000000021
    33395,    33394
    33396,1000000021
    33397,    33396
    33399,    34473
    33400,    33423
    33403,    35536
    33406,    33397
    33407,    33343
    33408,    33396
    33409,    33396
    33411,     4334
    33412,     4334
    33416,     4334
    33419, 42787785
    33420, 42787785
    33421,1000000021
    33422, 42787785
    33423,    33422
    33424,    34248
    33425,    34248
    33429,1000000021
    33430,1000000021
    33431,     4336
    33432,    34246
    33433,1000000021
    33434,1000000021
    33435,1000000021
    33436,1000000021
    33437,1000000021
    33438,1000000021
    33439,1000000021
    33440,    33442
    33441,    33440
    33442,1000000021
    33443,1000000021
    33444,1000000021
    33445,1000000021
    33446,1000000021
    33447,    33371
    33448,1000000021
    33449,    33451
    33450,    33451
    33451, 42771312
    33452,1000000021
    33453,1000000021
    33454,  1165384
    33455, 42771337
    33456, 42772890
    33457,    35533
    33458,    33468
    33459,    33463
    33460,     4315
    33461,    33462
    33462,1000000021
    33463,1000000021
    33464,1000000021
    33465,    33476
    33466,    33467
    33467,    33468
    33468,    33471
    33469,    33474
    33470,1000000021
    33471,1000000021
    33472,  1165384
    33473,  1165384
    33474,  1165384
    33475,  1165384
    33476, 42772890
    33477, 42772907
    33478,1000000021
    33479,1000000021
    33480,1000000021
    33481,1000000021
    33482,1000000021
    33483,    33482
    33485,1000000021
    33486,1000000021
    33487,1000000021
    33488,1000000021
    33493,    33488
    33498,1000000021
    33499,    33562
    33500,1000000021
    33501,1000000021
    33502,1000000021
    33503,1000000021
    33504,1000000021
    33505,1000000021
    33507,1000000021
    33512,    33520
    33513,  1165561
    33514,    33571
    33515,    33571
    33516,    33571
    33517,    33573
    33518,    33573
    33519,  1165448
    33520,    33513
    33521,    33513
    33522, 42779926
    33524,  1165448
    33525,  1165448
    33526,1000000021
    33527,1000000021
    33528,1000000021
    33529,1000000021
    33530,    33531
    33531,1000000021
    33532,1000000021
    33533,1000000021
    33534,  1165448
    33535,  1165448
    33536,    33538
    33537,  1165448
    33538, 42778963
    33539,  1165448
    33540,    37447
    33543,    33573
    33544,  1165448
    33545,  1165448
    33546,    33551
    33547,  1165448
    33548, 42778963
    33549, 42778963
    33550,    33573
    33551,  1165448
    33552,  1165448
    33553,    33573
    33554,    33532
    33556,1000000021
    33557,1000000021
    33558,    33531
    33559,1000000021
    33560,1000000021
    33561,1000000021
    33562,1000000021
    33563,1000000021
    33564,1000000021
    33565,    33573
    33566,    33573
    33567,    33573
    33568,    33573
    33569,    33573
    33570,    33573
    33571,1000000021
    33572,1000000021
    33573,  1165670
    33574,    33573
    33575,1000000021
    33576,1000000021
    33577, 42777495
    33578,1000000021
    33580,1000000021
    33581,    33573
    33582,    33571
    33583,    33573
    33584,    33620
    33585,    33620
    33586,    33626
    33587,    33625
    33588,    33589
    33589,     4342
    33590,1000000021
    33591,     4342
    33592,1000000021
    33593,1000000021
    33594,1000000021
    33595,    33596
    33596,1000000021
    33597,1000000021
    33598,1000000021
    33599,    33598
    33600,1000000021
    33601,1000000021
    33602,1000000021
    33603,1000000021
    33604,1000000021
    33605,    33598
    33606,    33598
    33607,1000000021
    33608,1000000021
    33609,     4342
    33610,    33588
    33611,    33614
    33612,    33614
    33613,    33614
    33614,     4342
    33615,    33626
    33616,    33457
    33617,    33457
    33618,1000000021
    33619,1000000021
    33620,1000000021
    33621,    33592
    33622,    33592
    33623,    33616
    33624,    33622
    33625,    33624
    33626,    33620
    33627,    33620
    33628,    33620
    33629,    33620
    33630,    33625
    33631,    33620
    33632,1000000021
    33633,1000000021
    33634,    33617
    33679,    30172
    33680,1000000021
    33681,     4339
    33682,1000000021
    33683,    35691
    33686,     4424
    33687,     4424
    33688,    34260
    33689,    33690
    33690,    35714
    33691,    34383
    33692,    33683
    33693,    35691
    33694,    35691
    33695,    35691
    33696,     4339
    33697,    35691
    33698,  1163726
    33699,     4424
    33700, 42780572
    33701,    32012
    33702,    34147
    33705,  1164897
    33706,1000000021
    33707,1000000021
    33708,1000000021
    33709,     4454
    33710,     4334
    33711,1000000021
    33712,1000000021
    33713,    34194
    33714,  1166851
    33716,1000000021
    33717,     4424
    33718,1000000021
    33719,  1163726
    33720,    34634
    33721,1000000021
    33722,  1165448
    34032,    34131
    34033,    34643
    34034,     4453
    34035,1000000021
    34036, 42780572
    34037,1000000021
    34039,1000000021
    34040,    34041
    34041,1000000021
    34044,     4333
    34048,1000000021
    34050,  1163726
    34051,    34383
    34052,1000000021
    34053,1000000021
    34054,    33689
    34055,     4424
    34056,    34373
    34057,    34489
    34058,1000000021
    34060,    35691
    34061,1000000021
    34094,1000000021
    34095,1000000021
    34096,    34097
    34097,1000000021
    34099,1000000021
    34100,1000000021
    34101,  1163726
    34102,    34603
    34103, 42767183
    34104,1000000021
    34105,    35691
    34108,     4453
    34109,    32236
    34110,  1164956
    34111,     4424
    34113,    34100
    34115,  1164956
    34118,    35691
    34119,    35845
    34120,    34663
    34121,     4424
    34122,    35691
    34123,1000000021
    34125,1000000021
    34126,1000000021
    34127,     4454
    34128,     4424
    34130,    34131
    34131,    34033
    34132,1000000021
    34133,    34132
    34134,    34132
    34135,    34373
    34136,1000000021
    34137,1000000021
    34138,1000000021
    34139,1000000021
    34140,    34528
    34141,1000000021
    34142,     4453
    34143,     4453
    34144,    34481
    34147,     4424
    34149,     4339
    34150,1000000021
    34151,1000000021
    34152,     4452
    34153,    35691
    34154,  1163726
    34155,    35691
    34156,    35714
    34157,    34156
    34159,    34157
    34160,1000000021
    34163,     4424
    34164,    34163
    34165,  1163726
    34166,  1163726
    34167,1000000021
    34168,1000000021
    34169,    34338
    34170,  1164897
    34171, 42771337
    34172,     4424
    34173,    34172
    34174,    35691
    34175,  1164956
    34176,    35691
    34178,     4430
    34179,1000000021
    34180,    34480
    34181,1000000021
    34183,1000000021
    34184,     4424
    34185,     4424
    34186,     4424
    34187,    34188
    34188,  1166646
    34189,    34317
    34190,     4453
    34194,    34428
    34195,  1164897
    34196,1000000021
    34197,1000000021
    34198,    34199
    34199,    34200
    34200,     4424
    34201,  1165448
    34202,  1165448
    34203,1000000021
    34204,1000000021
    34205,1000000021
    34206,1000000021
    34207,1000000021
    34208,1000000021
    34209,1000000021
    34210,1000000021
    34211,1000000021
    34212,    34149
    34213,    34149
    34214,    32236
    34217,  1163726
    34218,     4424
    34219,     4454
    34221,    34480
    34222,    34480
    34224,     4424
    34225,     4424
    34226,  1164956
    34227,    34132
    34229, 42767183
    34230,    34231
    34231,    32236
    34233,     4315
    34234,    33692
    34235,     4424
    34236,     4452
    34237,     4424
    34238,     4424
    34239,  1164956
    34240,    34149
    34241,    34032
    34242,     4424
    34243,    33279
    34244,    34243
    34246,    34247
    34247,1000000021
    34248,1000000021
    34249, 42771256
    34250,1000000021
    34251,     4452
    34252,     4452
    34253,  1164897
    34254, 42767183
    34255, 42767183
    34256,     4424
    34260,1000000021
    34261,     4424
    34262,    34263
    34263,     4454
    34264,    34383
    34265,    34383
    34266,1000000021
    34267,    35691
    34268,     4424
    34270,     4424
    34272, 42768365
    34273,     4424
    34274,    34529
    34275,     4424
    34277,     4453
    34278,    35691
    34279,  1164895
    34280,    32236
    34281,1000000021
    34282, 42771337
    34283,  1164956
    34284,     4424
    34285,1000000021
    34286,    34279
    34287,    35691
    34288,1000000021
    34289,  1164956
    34290,  1164956
    34291,    34383
    34292,    34383
    34293,    34468
    34294, 42767183
    34295, 42767183
    34296,    34630
    34297,1000000021
    34298,    34297
    34303,1000000021
    34304,    35845
    34305,    35691
    34307,    34436
    34310,1000000021
    34313,    34314
    34314,    35691
    34315,1000000021
    34316,    34383
    34317,    33247
    34318,1000000021
    34319,     4315
    34320,    32236
    34321,1000000021
    34322,    34323
    34323,1000000021
    34324, 42769976
    34327,    34328
    34328,    34663
    34329,    34293
    34330,  1163726
    34331,     4424
    34332, 42767012
    34334, 42779277
    34335,     4424
    34336,     4424
    34337,     4424
    34338,1000000021
    34339,1000000021
    34340,1000000021
    34342,1000000021
    34343, 42771256
    34344,1000000021
    34345, 42771256
    34347,1000000021
    34349,1000000021
    34350,1000000021
    34351,1000000021
    34352,     4424
    34353,  1163726
    34356,     4424
    34359,     4424
    34362,    34383
    34363,    34383
    34364,1000000021
    34365,    34587
    34366,    34365
    34369,    34338
    34370,    34132
    34371,     4424
    34373,     4455
    34375,1000000021
    34376,     4424
    34377,1000000021
    34378,    35691
    34379,1000000021
    34380,1000000021
    34381,    33498
    34382,     4453
    34383, 42784589
    34384,    35691
    34385, 42769550
    34386,    34189
    34387,     4452
    34388,    34389
    34389,    32236
    34390,     4424
    34392,    33461
    34393,1000000021
    34394,    32236
    34395,    32236
    34396,    34214
    34397,     4454
    34398,    34397
    34399,    34396
    34400, 42767183
    34402,    34598
    34403,    34404
    34404,    34658
    34405,    35691
    34406,1000000021
    34407,1000000021
    34409,1000000021
    34410,  1164956
    34411, 42767877
    34414,1000000021
    34416,     4430
    34418,     4424
    34419,     4424
    34420,    34421
    34421,1000000021
    34422,     4315
    34424,1000000021
    34425,  1164956
    34427,    34428
    34428,1000000021
    34429,1000000021
    34430, 42769976
    34432,1000000021
    34433,    34642
    34434,1000000021
    34435,    34437
    34436,1000000021
    34437,1000000021
    34438,1000000021
    34442,1000000021
    34444,1000000021
    34445,    34446
    34446,    35691
    34447,     4453
    34448,     4454
    34449,1000000021
    34450,    32236
    34451,1000000021
    34454,  1164956
    34458,     4424
    34459,    34514
    34460,1000000021
    34461,    34052
    34462,     4424
    34463,  1164956
    34465,1000000021
    34466,1000000021
    34467,1000000021
    34468,1000000021
    34469,    32987
    34470,    34469
    34471,    34295
    34472,    35691
    34473,1000000021
    34474,1000000021
    34475,1000000021
    34476,1000000021
    34480,    34481
    34481,     4323
    34482,1000000021
    34489,     4424
    34490,     4424
    34491,     4424
    34492,     4424
    34493,     4424
    34494,    34495
    34495,    34627
    34496,    32900
    34497,    34496
    34498,    34499
    34499,  2153671
    34509,    34371
    34511,    34459
    34512,    34459
    34513,    32974
    34514,    33680
    34516,    32012
    34517,    32012
    34518,1000000021
    34519,    34386
    34520,    34386
    34528,    34147
    34529,    33702
    34533,     4424
    34555,    34639
    34556,1000000021
    34557,    33279
    34558,    33279
    34559,    34558
    34560,    34561
    34561,    33271
    34562,    34514
    34563,    34514
    34564,    32236
    34565,    32236
    34566,    32236
    34567,    32236
    34568,    32973
    34569,    34383
    34570,    34468
    34572,     4430
    34575,    34143
    34576,    35695
    34577,    35695
    34578,    35714
    34582,    35691
    34587,    35691
    34588,    35691
    34589,    35691
    34590,    35691
    34591,    35691
    34592,    35691
    34593,    35691
    34594,    32239
    34596,    34337
    34597,    34462
    34598,    34442
    34599,1000000021
    34600,    34428
    34601,    33714
    34603,    34169
    34604,    34338
    34605,1000000021
    34606,1000000021
    34607,    32223
    34608,    32236
    34609,    32236
    34610,    34196
    34611,    34379
    34612,    34375
    34614,    35740
    34615,    32236
    34616,    32236
    34617,    32236
    34618,    34480
    34619,1000000021
    34627,     4424
    34628,1000000021
    34629,1000000021
    34630,  1164895
    34634,    34473
    34635,    33688
    34636,    35691
    34639,    34393
    34642,    34434
    34643,    35691
    34644,    34234
    34645,    35691
    34646,     4424
    34647,    34173
    34648,     4426
    34649,1000000021
    34650,    34465
    34651,1000000021
    34656,    32236
    34657,    35691
    34658,    34405
    34659,    34445
    34660,    35691
    34661,     4452
    34662,    32236
    34663,    32236
    34665,     4424
    34666,    34339
    34667,    34041
    34668,    34461
    34669,    34668
    34670,1000000021
    34671,1000000021
    34672,1000000021
    34855,  1163757
    34856,  1163757
    34857,  1165388
    34858,    34859
    34859, 42768927
    34860,    17420
    34861,1000000021
    34862, 42768929
    34863,1000000021
    34864,    35519
    34865,1000000021
    34866,1000000021
    35463,    35464
    35464,    35465
    35465,     4340
    35466,  1166687
    35467,    34856
    35468,1000000021
    35469,     4331
    35470,    35469
    35471,    35470
    35472,1000000021
    35473,1000000021
    35474,1000000021
    35475,1000000021
    35476,    35477
    35477,    35478
    35478,1000000021
    35479,    35480
    35480,1000000021
    35481,     4327
    35482,     4325
    35483,     4330
    35484,1000000021
    35485,    35490
    35486,    35490
    35487,    35488
    35488,    35489
    35489,    35490
    35490,    35491
    35491, 42768933
    35492,    35494
    35493,    35494
    35494,    17420
    35495,    35496
    35496,    35497
    35497,    35498
    35498,    35499
    35499,    35500
    35500,    35502
    35501,1000000021
    35502,    35501
    35503,    35504
    35504,    35471
    35505,    34857
    35506,    35519
    35507,    35519
    35508,    35519
    35509,    35510
    35510, 42782069
    35511,1000000021
    35512,1000000021
    35513,  1166854
    35514,  1166854
    35515,    35476
    35516,    35517
    35517,  1166854
    35518,1000000021
    35519,1000000021
    35520,    35521
    35521,    35519
    35522,    35523
    35523,    35524
    35524,  1163757
    35525,1000000021
    35526,1000000021
    35527,    34855
    35528,    34855
    35529,    35480
    35532,1000000021
    35533,    33474
    35534,    33531
    35536,     4334
    35670,    32236
    35671,1000000021
    35672,  1166851
    35685,    33564
    35687,    34143
    35688,1000000021
    35691,    32203
    35695,    35696
    35696,     4453
    35697,    33571
    35699,    33571
    35700, 42769038
    35706,  1164956
    35711,    34339
    35713,     4453
    35714,     4453
    35720,    35691
    35739, 42780572
    35740,    34332
    35841,1000000021
    35842,    32118
    35843,    32118
    35844,    32954
    35845,1000000021
    35846,    33317
    35949,  1166851
    36106,1000000021
    36114,    39567
    36119,    36238
    36120,  1163889
    36139,    36314
    36140,    36139
    36141, 42788137
    36163,    36421
    36164,    36421
    36166,    39567
    36167,    39567
    36168,    39567
    36175,    39628
    36179,    39567
    36181,     4588
    36222,    36238
    36229,    36314
    36238,    36229
    36260,    36262
    36261,    36260
    36262,    36316
    36263,    36260
    36269,    36238
    36270,    36269
    36285,     4587
    36286,     4587
    36293,    36314
    36297, 42788059
    36303,     4581
    36311,     4587
    36314,1000000021
    36316,    36229
    36327,    36425
    36334,    36314
    36345,    36229
    36357,    36420
    36420,     4587
    36421,    38430
    36422,     4587
    36423,     4587
    36424,    36229
    36425,    36314
    37146,1000000021
    37147,1000000021
    37148,1000000021
    37150,    37368
    37155,    37439
    37157,1000000021
    37163,1000000021
    37164,1000000021
    37166,1000000021
    37167,    37368
    37168,    37167
    37176,    37213
    37177,    37178
    37178,    37176
    37179,1000000021
    37187,1000000021
    37192,    37257
    37193,1000000021
    37201,1000000021
    37202,    37257
    37206,1000000021
    37212,    37312
    37213,    37212
    37214,    37212
    37223,    37224
    37224,1000000021
    37237,1000000021
    37238,1000000021
    37244,1000000021
    37247,1000000021
    37257,    38626
    37269,1000000021
    37270,1000000021
    37272,1000000021
    37278,1000000021
    37281,1000000021
    37283,1000000021
    37289,1000000021
    37290,1000000021
    37295,    37179
    37300,1000000021
    37312,1000000021
    37315,1000000021
    37316,    37344
    37318,1000000021
    37322,1000000021
    37332,    37333
    37333,1000000021
    37341,    37344
    37342,1000000021
    37343,    33573
    37344,  2152801
    37349,1000000021
    37353,    38536
    37358,1000000021
    37359,    37341
    37361,    37342
    37362,1000000021
    37363,    37349
    37364,1000000021
    37368,1000000021
    37369,1000000021
    37374,1000000021
    37383,1000000021
    37388,1000000021
    37392,1000000021
    37396,1000000021
    37397,    37424
    37424,1000000021
    37425,1000000021
    37426,1000000021
    37427,    37426
    37428,1000000021
    37429,    37150
    37430,1000000021
    37431,1000000021
    37432,1000000021
    37433,1000000021
    37434,1000000021
    37435,1000000021
    37436,1000000021
    37437,1000000021
    37439,1000000021
    37441,1000000021
    37442,1000000021
    37443,1000000021
    37444,    37445
    37445,    38626
    37446,    37447
    37447,    38626
    37451,    37452
    37452,    33573
    38404,    37295
    38430,    36423
    38468,1000000021
    38536,1000000021
    38609,1000000021
    38626,1000000021
    38642,1000000021
    38723,    39567
    38724,     4589
    38725,    36314
    38726,     4590
    38727,    36314
    38728,    36314
    38729,    36314
    39562,1000000021
    39563,    39673
    39564,1000000021
    39565,    39592
    39566,    39638
    39567,     4590
    39568,1000000021
    39569,     4587
    39570,1000000021
    39571,1000000021
    39572,     4587
    39573,    39583
    39574,    39576
    39575,  1166655
    39576,    39575
    39577,1000000021
    39578,    39633
    39579,1000000021
    39580,    39579
    39581,     4587
    39582,     4587
    39583,     4587
    39584,  1166655
    39585,1000000021
    39586,    39630
    39587,    39567
    39588,    39589
    39589, 42791178
    39590,    39574
    39591,    39574
    39592,    39638
    39593,     4587
    39594,     4587
    39595,     4587
    39596,  1166655
    39597,    39602
    39598,    39618
    39599,    39600
    39600,1000000021
    39601,    36229
    39602,    39603
    39603,1000000021
    39604,1000000021
    39605,1000000021
    39606,1000000021
    39607,     4587
    39608,     4587
    39609,    41344
    39610,    39609
    39611,    39609
    39612,    39638
    39613,1000000021
    39614,    39669
    39615,     4587
    39616,1000000021
    39617,1000000021
    39618,     4587
    39619,    39592
    39620,    39594
    39621,    36260
    39622,     4587
    39623,1000000021
    39624,     4587
    39625,    39626
    39626, 42764106
    39627,    39589
    39628,     4587
    39629,    36357
    39630,1000000021
    39631,     4587
    39632,    39668
    39633,    39634
    39634,  1166655
    39635,    39583
    39636,     4587
    39637,    39638
    39638,     4587
    39639,     4587
    39640,    39633
    39641,     4587
    39642,    39615
    39643,    36238
    39644,     4587
    39645,1000000021
    39646,    39645
    39647,    39661
    39648,     4587
    39649,1000000021
    39650,  1165098
    39651,    39650
    39652,    41387
    39653,1000000021
    39654,1000000021
    39655,    36357
    39656,    36314
    39657,    39567
    39658,    36229
    39659,1000000021
    39660,    39632
    39661,    39662
    39662, 42778365
    39663,    39592
    39664,1000000021
    39665,  1166655
    39666,    39609
    39667,    39570
    39668,    39631
    39669,    39615
    39670,     4587
    39671,    39600
    39672,  1166655
    39673,    39674
    39674,  1166655
    39675,1000000021
    39676,1000000021
    41344, 42763953
    41345,    39609
    41346,    36260
    41347,    39643
    41364,    39638
    41365,     4587
    41366,     4587
    41387,1000000021
  1163726,     4424
  1163740,  2152094
  1163749,  2153194
  1163750,  2152155
  1163757,1000000021
  1163854,1000000021
  1163889,     4581
  1164425,  1165730
  1165098,1000000021
  1165421,  1167330
  1165448,    33573
  1165260,    27324
  1164895,1000000021
  1164897,1000000021
  1165486,    32141
  1165488,  1167330
  1165489,  1165448
  1165491,    30257
  1165492,  1165491
  1164939,    32012
  1165188,1000000021
  1164956,1000000021
  1165222,    27318
  1165334,1000000021
  1164970,    30257
  1165347,1000000021
  1164828,1000000021
  1165384,1000000021
  1165388,  1166391
  1166190,  1165448
  1166193,1000000021
  1165837,1000000021
  1165670,1000000021
  1165727,1000000021
  1165730,1000000021
  1165561,    33514
  1165564,     4430
  1165565,     4430
  1166609,  1165730
  1166952,    30257
  1166356,  1166609
  1166646,    33686
  1166655,1000000021
  1166809,  1165448
  1166810,  1165448
  1166811,  1165448
  1166391,1000000021
  1166687,  1166854
  1166851,  1164956
  1166854,1000000021
  1166597,1000000021
  1166598,  1166597
  1167330,     4430
  1167215,     4344
  1167244,1000000021
  1167245,  1165448
  2152155,  1163749
  2152093,     4424
  2152094,     4424
  2152529,    30283
  2152531,     4514
  2152572,     4355
  2152583,    30459
  2152608,1000000021
  2152801,    37424
  2152810,1000000021
  2152971,1000000021
  2152922,1000000021
  2153019,  1164956
  2153116,1000000021
  2153266,    35480
  2153194,1000000021
  2153346,  1166811
  2153347,  1166810
  2153348,  2153347
  2153349,1000000021
  2153351,1000000021
  2153369,    38404
  2153471,1000000021
  2153671,     4424
  2153678,  1164956
 42757934,1000000021
 42758583,1000000021
 42758186,    27330
 42758346,    32222
 42758512,1000000021
 42756507,     4587
 42757192,    34390
 42757022, 42757024
 42757024,    32900
 42757039,  1163726
 42760723,    27356
 42759305,1000000021
 42758842,    32200
 42763304,1000000021
 42762074,1000000021
 42765327,    30440
 42766348,1000000021
 42765403,    30458
 42764008,  1166193
 42764014,    30443
 42764106,     4587
 42764799,    27344
 42764804,  1164425
 42764809,     4352
 42763851,    30473
 42763927,     4321
 42763929,     4321
 42763953,  1165334
 42768030,    33696
 42767824,1000000021
 42767835,1000000021
 42768365,1000000021
 42767877,    34379
 42768540,    33287
 42767172,1000000021
 42767183,1000000021
 42767516,    34473
 42767012,1000000021
 42767093,1000000021
 42766847,1000000021
 42771256,    34344
 42769976,1000000021
 42769021,    35520
 42769038,1000000021
 42769370,    34167
 42769752,    33612
 42769459,     4430
 42769462,     4430
 42769178,    35480
 42769195,    34379
 42769200,1000000021
 42769550,    34340
 42769566,1000000021
 42768927,1000000021
 42768929,    34863
 42768933,1000000021
 42769279,1000000021
 42769290,    32118
 42772988,    34179
 42772890, 42771337
 42773072,1000000021
 42772907,1000000021
 42771492,    34475
 42771312,1000000021
 42771337,1000000021
 42771417,    33561
 42775730,     4354
 42775631,    27341
 42776055,1000000021
 42775148,    27333
 42775393,1000000021
 42775399,1000000021
 42775406,1000000021
 42775008,    27328
 42775312,    29397
 42775968,    32249
 42775035,    27681
 42774791,    33290
 42778365,    39644
 42777780,    37179
 42777495,1000000021
 42776693,     4327
 42776711,    34444
 42776512,1000000021
 42777166,    35515
 42780572,    34436
 42779926,  1165448
 42780819, 42780572
 42780261,1000000021
 42780035,    27336
 42779523,    30257
 42778963,  1165448
 42779277,     4424
 42779280,     4424
 42779300,    32220
 42779357,    34235
 42779673,     4352
 42779392,    32239
 42779124,1000000021
 42779456,  1166851
 42782883,1000000021
 42781969,1000000021
 42782069,    35511
 42782072,1000000021
 42785169,    39630
 42783763,    33476
 42784398,    30260
 42784508,    34642
 42783617,  1163749
 42784589,1000000021
 42784597,    33713
 42788437,    32036
 42788444,    32036
 42788445,    32036
 42788046,    36297
 42788059,    36238
 42788137,    36140
 42787961,1000000021
 42787785,  1165486
 42786427,  1165492
 42786190,  1167330
 42786195,  1167330
 42786199,    33572
 42789848,    35671
 42789412,  1165421
 42789769,    39649
 42789154,  1165448
 42788566,    33429
 42791322,    34219
 42791178,1000000021
