1000000002,        0
     4054,     4680
     4057,    39798
     4095,    27571
     4096,    27423
     4097,     4096
     4098,     4100
     4099,  1165718
     4100,     4102
     4101,  1165076
     4102,900017587
     4103,  1164402
     4104,  1164465
     4105,  1167313
     4106,    29097
     4108,  1164358
     4109, 42773912
     4110,     4111
     4111,  1167125
     4112,  1164133
     4184,     4680
     4185, 42771681
     4187,  1164448
     4298,    26827
     4301,  1167361
     4303,    26828
     4304,    26811
     4305,    26816
     4306,    26861
     4307,     4601
     4308,  1165741
     4309,    27045
     4310, 42779387
     4363,    26786
     4364,     4363
     4365,     4364
     4366,    21585
     4367,     4366
     4369,    26716
     4370,     4371
     4371,    26813
     4390,  1166921
     4392,  1164513
     4397,    40732
     4398,    40749
     4399,  1163917
     4400,     4399
     4401,  1167537
     4402,  1166243
     4403,     4404
     4404,  1165820
     4405,  1165820
     4406, 42777658
     4407,900017644
     4408,     4405
     4434,    20710
     4435,  1163706
     4436,     4105
     4437,  1165696
     4438, 42770412
     4439,  1165180
     4440,    20615
     4441,  1166010
     4443,  1167084
     4444,900017642
     4460,    27550
     4464,     4721
     4466,    27462
     4467, 42770203
     4468,    27462
     4469,    27529
     4470,  1165736
     4471,  1167445
     4472,    27451
     4473,900017638
     4474,    36649
     4475, 42783133
     4476,  2152428
     4477,  1166300
     4478,     4470
     4479,  1164413
     4480,  1165736
     4481,    26932
     4482,     4477
     4483,     4110
     4484, 42768316
     4485,     4110
     4488,    40613
     4505,900017623
     4506,    27468
     4508, 42769606
     4510,     4479
     4511, 42767652
     4576,    20552
     4599,     4605
     4600,     4599
     4601,  1167013
     4602,  1166369
     4604,    21571
     4605,  1166204
     4606,     4607
     4607, 42777649
     4608,    21351
     4610,900017616
     4633,     4721
     4634,     4633
     4635,     4633
     4636,     4667
     4641,900017595
     4642,     4633
     4643,900017616
     4645,900017616
     4662,  2153479
     4667,    17477
     4668,900017589
     4669,    40064
     4680,  1165217
     4713,  1164444
     4714,     4505
     4718,    40748
     4721,  1164439
    17385,    21437
    17386,    36581
    17398,     4680
    17399,900017620
    17400,  1164450
    17419,  1163823
    17423,     4369
    17424,    21595
    17425,    40818
    17426,     4405
    17428,    21472
    17429,    26954
    17430,    26974
    17432,  1167445
    17433,    27568
    17434,     4475
    17439,    27411
    17440,    40321
    17470,    21373
    17473,900017616
    17474,     4721
    17475,     4636
    17476,     4636
    17477, 42775377
    17478,     4645
    17481,     4668
    17493,     4680
    17494, 42767394
    17495,     4184
    17496,900017639
    17497,900017624
900017587,  1165180
900017588,900017591
900017589,900017588
900017590,900017592
900017591,900017621
900017592,900017637
900017593,  1165151
900017594,900017633
900017595,900017593
900017596,900017635
900017597,     4185
900017598,900017590
900017599,  1167445
900017600,900017612
900017601,900017625
900017602,900017615
900017603,900017618
900017604,900017600
900017605,900017604
900017606,900017605
900017607,900017606
900017608,900017607
900017609,900017631
900017610,900017608
900017611,900017610
900017612,900017596
900017613,900017611
900017614,900017613
900017615,900017614
900017616,900017632
900017617,900017609
900017618,900017617
900017619,900017622
900017620,900017597
900017621,900017594
900017622,900017603
900017623,900017641
900017624,  1165741
900017625,900017598
900017626,900017619
900017627,    17496
900017628,     4443
900017629,900017602
900017630,900017629
900017631,900017630
900017632,900017626
900017633,900017595
900017634,900017627
900017635,900017601
900017636,     4668
900017637,     4505
900017638,900017599
900017639,     4407
900017640,900017634
900017641,     4473
900017642,900017640
900017643,     4439
900017644,  1165820
     7640,    17497
     7644,     4485
     7645,     4477
     7650,  1165180
     7759,  1165180
    20001,    20002
    20002,  1165741
    20003,    27719
    20004, 42768446
    20005,    23141
    20006,    21337
    20007,    21339
    20008,    26732
    20551,     4576
    20552,1000000002
    20553,     4576
    20554,  1167202
    20555,    21310
    20559,    21349
    20570,  1165180
    20571,  1165250
    20572,    20641
    20573,    20615
    20574,    20641
    20575, 42767394
    20576, 42767394
    20577, 42767394
    20582,1000000002
    20588,    20589
    20589,1000000002
    20590,1000000002
    20591,1000000002
    20592,     4604
    20602,    20613
    20604, 42770937
    20605,    20607
    20606,    21618
    20607, 42765425
    20608,    21618
    20609,    20613
    20610,  1164385
    20611,  1165180
    20612,900017643
    20613,    20611
    20614,900017643
    20615,900017643
    20616,    20614
    20617,    20616
    20618,    23156
    20620,  1165751
    20621,  1165751
    20622,  1163770
    20623,  1165751
    20624,  1165751
    20625,  1165751
    20626,    20627
    20627,    20623
    20630, 42781842
    20631,  1165218
    20632, 42781842
    20633, 42781842
    20634,    20639
    20635,    20639
    20636,    20639
    20637,    20639
    20638,900017643
    20639,    20638
    20640,    20639
    20641,  1165250
    20642,  1164635
    20643,  1163666
    20644,  1163666
    20645,  1163666
    20646,  1163666
    20647,    20645
    20649,    20650
    20650,  1163659
    20651,    20649
    20652,    20659
    20653,    21603
    20654,    21608
    20655,    20677
    20656,    20652
    20657,    20660
    20658,    20657
    20659,    20663
    20660,    20659
    20661,    20659
    20662,  1163704
    20663,  1163704
    20664,  1163704
    20665,    20692
    20666,  1163699
    20667,  1164513
    20668,  1164513
    20669,  1164513
    20670,    20685
    20671,    20672
    20672,  1164513
    20673,  1164513
    20674,    20668
    20675,  1166203
    20676,  1166203
    20677,  1166280
    20678,    20688
    20679,  1164513
    20685,    20674
    20686,  1166203
    20687,    20677
    20688,  1164513
    20689,    23796
    20690,  1166203
    20691,     4390
    20692,  1163704
    20693,  1166774
    20694,    20691
    20695,    20698
    20696,    20698
    20697,     4390
    20698,    20697
    20699,     4390
    20700,    21520
    20701,     4390
    20702,  1163702
    20703,    20704
    20704,     4390
    20705,  1163702
    20706,    21605
    20707,     4390
    20708,     4390
    20709,  1164513
    20710,    20667
    20711,    20710
    20712,    20710
    21215,1000000002
    21216,1000000002
    21284,    21285
    21285, 42761930
    21286,  1166907
    21293,1000000002
    21303,     4606
    21304,  1167013
    21305,     4601
    21306,    21307
    21307,  1167013
    21310,1000000002
    21317,    20591
    21318,  1167202
    21319,    23151
    21320,  1167202
    21321,    21322
    21322,    23152
    21323,     4604
    21324,    21323
    21325, 42788161
    21326,    21322
    21327,    21328
    21328,    21329
    21329,    21333
    21330,1000000002
    21331,    21332
    21332,  1167202
    21333,  1167202
    21334,1000000002
    21335,    21330
    21336,    21568
    21337,    21335
    21338,    21335
    21339,    21336
    21340,  1163822
    21341,    21342
    21342,  1167013
    21343,  1167013
    21344,  1163800
    21345, 42781452
    21346,  1167013
    21347,    21351
    21348, 42776724
    21349, 42776724
    21350, 42776724
    21351,  1167012
    21352,  1166907
    21353,  1167013
    21354,  1167013
    21355,  1167202
    21356,    21359
    21357, 42764560
    21358,  2152787
    21359,  1167202
    21360,  1167361
    21361,  1167361
    21362,  1166369
    21363,  1166369
    21364,     4606
    21365,    21364
    21366,     4606
    21367,    21388
    21373,  1167361
    21374,    21362
    21384,    21398
    21385,    21387
    21386,    21387
    21387,  1166369
    21388,    21386
    21389,    21364
    21390,    21392
    21391,    21392
    21392,     4608
    21393,     4608
    21394,    21395
    21395,     4606
    21396, 42789602
    21397,    21396
    21398,    21387
    21400,    21401
    21401,     4606
    21402,    21403
    21403,    21398
    21404,    21403
    21406,1000000002
    21407,    21331
    21408,    21343
    21409,  1166369
    21410,  1166369
    21411,  1166369
    21412,    21617
    21413,    21617
    21414,    21617
    21415,     4435
    21416,    21428
    21417,    21617
    21418, 42767394
    21419, 42767394
    21420, 42767394
    21421, 42767394
    21422, 42767394
    21423, 42767394
    21424, 42767394
    21425,    21421
    21426, 42767394
    21427, 42767394
    21428,  1165780
    21429,    21428
    21430,    21416
    21431,    21430
    21432,    21439
    21433, 42770513
    21434,  1165809
    21435,    21437
    21436,    21437
    21437, 42767387
    21438,    21633
    21439,  1165809
    21440, 42770513
    21441,    21618
    21444,    21445
    21445,  1167394
    21446,    23716
    21447,    21449
    21448,    21422
    21449,  1167394
    21450,  1165313
    21451,    39377
    21452,  1167394
    21453,  1167394
    21454,    21638
    21455,    21638
    21456,  1166930
    21457,    21455
    21458,    21454
    21460,    21638
    21463,  1166770
    21464,  1166770
    21465,  1166770
    21466,  1166770
    21467,  1166770
    21468,  1166770
    21469,    21617
    21470,  1163663
    21471,  1163663
    21472,  1163663
    21473,    20622
    21474,    21558
    21475,  1165751
    21478,  1167174
    21481,  1163666
    21482,  1163666
    21483,  1163663
    21484,    21485
    21485,  1163666
    21486,    21617
    21487,    21431
    21488,    21487
    21489,    21492
    21490,     4435
    21491,    21431
    21492,    21615
    21493,    21617
    21494,  1165780
    21495,    21617
    21496,  1165784
    21497,  1166402
    21498, 42781842
    21499,    21500
    21500,    21626
    21501,    21626
    21502,    21626
    21503, 42759048
    21504,    21507
    21505,    21506
    21506,  1166402
    21507,  1166402
    21508, 42781842
    21509, 42781842
    21510, 42770813
    21511, 42770813
    21512,    21514
    21513,    20691
    21514,  1166735
    21515,    21610
    21516,  1166735
    21517,  1166774
    21518,  1166774
    21519,    21676
    21520,     4390
    21521,    21526
    21522,900017643
    21523,900017643
    21524,900017643
    21525,  1166402
    21526,    21511
    21527, 42771837
    21528,    21530
    21529,    21530
    21530,  1165250
    21531,    21530
    21532,  1165780
    21533,  1166402
    21534,  1166402
    21535,  1166402
    21536,    21534
    21537,  1166402
    21538,  1166402
    21539,  1166402
    21540,    21539
    21541,  1166402
    21542,  1166402
    21543,  1166402
    21544,    21533
    21545,    21536
    21546,    21525
    21547,    21536
    21548,900017643
    21549, 42771910
    21550, 42771910
    21551,900017643
    21552, 42771910
    21553, 42771910
    21554,    21448
    21555,  1163770
    21556,    21464
    21557,  1165218
    21558,  1163770
    21559,  1164881
    21561,    20691
    21564,     4390
    21566,900017643
    21567, 42768446
    21568, 42764000
    21569,900017639
    21570,1000000002
    21571, 42764407
    21572, 42775887
    21573,    21572
    21574,900017627
    21575,    21573
    21576, 42768446
    21577,900017642
    21578,  1167202
    21579,    21357
    21580,    17423
    21581,    17423
    21582,    17423
    21583,    21577
    21584,    21577
    21585,     4365
    21586,    17423
    21587, 42781842
    21588, 42771910
    21589,900017643
    21590,900017643
    21591,900017643
    21592,900017643
    21595,  1163702
    21596,  1166402
    21597,  1166927
    21598,  1164513
    21599,    20656
    21600,    20659
    21601,  1164513
    21602,  1164513
    21603,  1164513
    21604,    20659
    21605, 42787505
    21606,    21614
    21607,    21606
    21608,    20690
    21609,    21516
    21610,    21609
    21611,  1163666
    21612,  1163663
    21613,    21617
    21614,    20704
    21615,    21616
    21616,    21617
    21617,  1166181
    21618,  1165218
    21619,  1165799
    21620,  1165799
    21621,    21622
    21622,  1167394
    21626,    21627
    21627,    21503
    21629,  1166402
    21631, 42770813
    21632,  1163659
    21633, 42770422
    21634,    21618
    21635,    20639
    21636,    21448
    21637,  1165751
    21638, 42770513
    21639,    20642
    21643,  1167174
    21646, 42767394
    21647,    21464
    21648,    21647
    21649,    21492
    21650,    21525
    21651,    21525
    21652,    21525
    21653,    20602
    21654,    21530
    21655,    21618
    21667, 42781842
    21668,    21417
    21669,    21427
    21671,  1166402
    21675,     4390
    21676,     4390
    21728,  1164358
    21729,    21728
    21730,    21729
    21731,     4443
    21732,    21731
    21733,    21732
    21734,    21732
    21735,     4443
    21736,    21738
    21737,    21736
    21738,  1165145
    23139,  1167202
    23140,    21332
    23141,    21332
    23142,900017627
    23143,    21338
    23144,  2153418
    23151,  1167202
    23152,    23139
    23153,  1166907
    23155,  1165180
    23156,    21620
    23157,    26948
    23174,    21332
    23175,    26710
    23351,  1166907
    23352,  1166907
    23356, 42765425
    23357, 42769779
    23372,1000000002
    23373,1000000002
    23374,1000000002
    23375,1000000002
    23376,1000000002
    23377,     4604
    23390,  1167394
    23391,  1165751
    23392,  1165751
    23393,    20645
    23395,  1165799
    23396,  1166203
    23397,  1164513
    23404,     4390
    23405,  1166280
    23406,    20677
    23407,    21608
    23408,    20659
    23412,    21597
    23413,    20667
    23414, 42791025
    23415, 42791025
    23416, 42777009
    23598,    21406
    23620,    21285
    23621,    21285
    23622,    21285
    23629,1000000002
    23630,1000000002
    23632, 42781452
    23633,     4607
    23634,  1167013
    23636,1000000002
    23638,1000000002
    23639,  1167202
    23640,    21332
    23641,    21334
    23642,  1167202
    23643,  1165741
    23644,  1165741
    23645,     4308
    23646,  1163822
    23647,    21343
    23648, 42781452
    23649,  1167013
    23650,  1167013
    23651,  1167013
    23652, 42776724
    23653,  1166907
    23654,  1166907
    23655,  1167013
    23656,  1167013
    23657,  1167013
    23658,  1167202
    23659,  1167202
    23660,    23659
    23661,  1167202
    23662,  1166204
    23663,  1166369
    23664,  1166369
    23665,     4606
    23667,     4606
    23668,     4606
    23669,  1167361
    23670,    21373
    23671, 42789602
    23683,    21398
    23684,    21398
    23685,    21387
    23686,    21364
    23689,     4608
    23690,     4606
    23691,    21398
    23692,     4606
    23693,    21387
    23694,    21339
    23695,  1167013
    23696,    21351
    23697,  1165741
    23698,     4600
    23702,    21392
    23703,  1166369
    23704,  1166369
    23705,  1166369
    23706,  2153226
    23707,    21305
    23708,    21305
    23712,     4576
    23714,    21464
    23716,    21444
    23721,    39384
    23729,    23803
    23733,    21416
    23734,    21492
    23735,    21617
    23736,  1166402
    23737,  1165799
    23739,    20577
    23740, 42767394
    23743,  1165799
    23744,900017643
    23745,    20627
    23746,    20620
    23747,  1165180
    23748,    20616
    23749,  1163666
    23752,  1166770
    23754,  1166402
    23755, 42781842
    23762,  1167174
    23763,  1166402
    23764,    21605
    23765,    20704
    23766,     4390
    23767,  1167427
    23768,  1164513
    23769,  1164513
    23770,  1164513
    23771,  1166203
    23772,  1164513
    23773,  1163699
    23774,  1166280
    23778,    20612
    23779, 42781842
    23780,    26786
    23781,    21325
    23782, 42768446
    23783, 42768446
    23784,    17423
    23785,    26699
    23786,     4366
    23787,    21585
    23788, 42781842
    23789,    21536
    23791,    21543
    23792, 42791025
    23793,    21492
    23794,  1163666
    23796,    20678
    23797,  1164385
    23798, 42770329
    23800,  1163659
    23801,    20639
    23803,  1167174
    23804,    21633
    23805,  1163773
    23806,    20616
    23807,  1166402
    23810, 42770813
    23811,  1163663
    23812,    21631
    23813, 42781842
    23814,  1163659
    23815,    21617
    23816,    20639
    23817,    21527
    23818,    21527
    23819,    20639
    23820,    20639
    23821,  1165180
    23822,    21618
    23823,  1165180
    23825,  1165799
    23827, 42767394
    23828,    21421
    23829,    21421
    23830,    23716
    23831,    39384
    23834,    23805
    23835,  1165809
    23836, 42770513
    23837,    21638
    23838,    21446
    23839,    21446
    23840, 42770513
    23841, 42781842
    23842,    20639
    23843,  1165218
    23844,  1165751
    23845,    21638
    23846,    21417
    23848, 42759133
    23849,  1165218
    23850, 42770412
    23851,  1163770
    23852, 42767394
    23853,  1166402
    23854,  1166402
    23871,  1166175
    23872,    21620
    23873,    21492
    23874,    21618
    23875, 42770930
    23876,    21617
    23878,    21631
    23879,  1166402
    23880,  1163666
    23881,    21617
    23882,  1165780
    23883,    21525
    23884,    20645
    23886,  1163659
    23888,900017643
    23889,  1166402
    23890,  1163663
    23891,    21536
    23892,    21612
    23893,    21612
    23894,    21612
    23895, 42781842
    23896,900017643
    23897,     4440
    23899,    20639
    23900, 42765425
    23901,  1165250
    23902,900017643
    23903, 42770937
    23904, 42781842
    23905,    20602
    23906,  1165218
    23913, 42765425
    23914,  1164881
    23915, 42781842
    23916,  1166175
    23917,    21432
    23918,    21618
    23920,  1167394
    23921, 42759133
    23923,900017643
    23957,     4443
    23958,     4443
    23959,     4443
    23960,     4443
    26692,    26733
    26693,  1165820
    26694,    26693
    26695,    21569
    26696,    17423
    26699,     4363
    26700,    21574
    26701,     4363
    26702,    26703
    26703,    26734
    26704,    27665
    26710,    27052
    26711,    27047
    26712,    26711
    26713,    26781
    26714,    26778
    26715,    26716
    26716,  1165820
    26717,    26715
    26718,900017639
    26719,  1165820
    26720,    26739
    26722, 42788312
    26723,  1165820
    26725,    27045
    26726,    26725
    26727,    26886
    26728,    21575
    26729,    26751
    26730,    26733
    26731,    26730
    26732,    26692
    26733, 42777824
    26734,    26726
    26735,    26751
    26736,    26742
    26737,    26786
    26738,900017642
    26739,    26723
    26740,    26738
    26741,    26742
    26742,  1167537
    26744, 42768446
    26745,    26736
    26746,    26783
    26747,    27710
    26748,    26699
    26749, 42768446
    26750,    26727
    26751,  1167537
    26752,    27716
    26753,    26718
    26754,     4303
    26755,  1165820
    26756,    26740
    26757,  1167537
    26758, 42775887
    26759,    26710
    26760,    26710
    26761,  1167537
    26762,    26761
    26763,  1165741
    26764,    26762
    26765,    26791
    26766,  1167537
    26767,  1167537
    26768,    26752
    26769,    26718
    26770,    26769
    26771,    26765
    26772,     4306
    26773,    26766
    26774,     4303
    26775,     4303
    26776,    26770
    26777,    26776
    26778,    26751
    26779,    28979
    26780,    26751
    26781,    21576
    26782,    26735
    26783,    26782
    26784,    26735
    26785,    26819
    26786,     4407
    26787,    26716
    26788,    26760
    26789,    26788
    26790,  1165741
    26791,     4303
    26792,     4303
    26793, 42764716
    26794,     4303
    26795,    26797
    26796,    26812
    26797,     4303
    26798,     4303
    26799,    26812
    26800,    26805
    26801, 42764716
    26802,    26798
    26803,    26798
    26804,    26798
    26805,    26772
    26806,     4306
    26807,     4306
    26808,     4306
    26809,900017642
    26810,  2153618
    26811,    26807
    26812, 42764716
    26813,     4306
    26814,     4306
    26815,    21360
    26816,    26810
    26817,     4306
    26818,    26812
    26819,    26812
    26820,  1163812
    26821,  1163812
    26822,    26820
    26823,     4303
    26824,     4303
    26825,    26838
    26826,    26848
    26827,    26864
    26828,    26834
    26829,    26826
    26830,    26848
    26831,    26806
    26832,    26806
    26833,  1167361
    26834,     4301
    26835,  1167361
    26836,    26840
    26837,    26840
    26838,    26839
    26839,    26799
    26840,    26812
    26841,    26833
    26842,    26848
    26843,    26842
    26844,    26812
    26845,  1167361
    26846,    27717
    26847,    26845
    26848,    26844
    26849,    26845
    26850, 42757015
    26851,    26843
    26852,     4406
    26853,    26854
    26854,    26855
    26855,    26830
    26856,     4406
    26857,    26845
    26858,     4303
    26859,     4303
    26860,    26859
    26861,    26835
    26862,    26745
    26863, 42768446
    26864,  1167361
    26865,    26823
    26866,     4444
    26867,    26877
    26868,    26872
    26869,    26877
    26870,    26868
    26871,    26918
    26872,  1165741
    26873,    26870
    26874,900017642
    26875,900017642
    26876,900017642
    26877,900017642
    26879,900017642
    26880,  1165820
    26881,  1165820
    26882,    26883
    26883,  1165820
    26884,    26883
    26885, 42779059
    26886,    26718
    26887,    26888
    26888,    26700
    26889,     4305
    26890,  1167088
    26891,    26892
    26892,    29067
    26893,900017642
    26894,    26893
    26895,    26894
    26896,    26898
    26897,    26898
    26898,    26899
    26899,900017642
    26900,  1167087
    26902,  1166010
    26903,     4441
    26904,  1166010
    26905,900017640
    26906,    26907
    26907,     4443
    26908,     4443
    26909,     4443
    26912,    26956
    26913,    17429
    26914,    26913
    26915,    26914
    26916,    26915
    26917,    17429
    26918,  1164358
    26919,    26920
    26920, 42771998
    26921, 42771998
    26922, 42771998
    26923,    26944
    26924,    26925
    26925,    26926
    26926,    26927
    26927,  1164711
    26928,  2153132
    26929,    26978
    26930, 42771998
    26931,     4110
    26932,     4110
    26933,    26934
    26934,    40453
    26935,    26936
    26936,     4099
    26937,     4099
    26938,    26919
    26939,    26922
    26940,    26939
    26941,     4099
    26942,  1165736
    26943,    40435
    26944,    26939
    26945,    17429
    26946,    26945
    26948,    17429
    26949,900017642
    26950,    27668
    26951,    27668
    26952,900017642
    26953,    29085
    26954,900017642
    26955,900017642
    26956,900017642
    26957,900017642
    26958,    17429
    26959, 42771998
    26960,  1164358
    26961,  1164358
    26962, 42771998
    26963, 42771998
    26964,     4408
    26965,    26971
    26966,    26952
    26967,    26968
    26968, 42771998
    26969,    26944
    26970,  1167084
    26971,    26970
    26972,    26938
    26973,    26972
    26974,    27731
    26975,    26919
    26976,    26919
    26977, 42771998
    26978,  1164133
    26979,  1164133
    26980,    26929
    26981,     4443
    26982,     4443
    26983,     4443
    26984,     4443
    26985,    26984
    26986,     4443
    26987,     4443
    26988,    26997
    26989,     4443
    26990,    26989
    26991,    26998
    26992,     4443
    26993,    26994
    26994,  1165176
    26995,  1165176
    26996,    26998
    26997,    26998
    26998,    26990
    26999,    26989
    27000,     4443
    27003,     4443
    27006,     4443
    27007,     4443
    27008,     4443
    27009,     4443
    27010,     4105
    27012,    27014
    27013,    26989
    27014,    27013
    27015,  1164620
    27016,    27015
    27017,     4408
    27018,    27017
    27019,    26713
    27020,    27030
    27021,  1167049
    27022,  1167051
    27023,  1167051
    27024,    27030
    27025, 42787469
    27026,  1167051
    27027,  1167051
    27028,    27030
    27029,  1165820
    27030,  1165820
    27031,    26882
    27032,    26883
    27033,    27031
    27034,    27032
    27043,    27045
    27044,  2152839
    27045,    27046
    27046,    17423
    27047, 42768446
    27048,  1165820
    27049,  1165820
    27050,    27049
    27051,  1165820
    27052,    17497
    27367,     4466
    27368,    27465
    27369,    27564
    27370,  1165077
    27371,    27528
    27372,900017638
    27373,    27448
    27374,    27387
    27375,    27545
    27376,    17432
    27377,    27421
    27378, 42761281
    27379,    27462
    27380, 42761281
    27381,  1165077
    27382,     4466
    27383,    27411
    27384,     4095
    27385,     4095
    27386,    27540
    27387,  1167445
    27388,    27462
    27389,    27462
    27390,    27462
    27391,    27462
    27392,    27462
    27393,    27462
    27394,    27453
    27395,    27448
    27396,     4472
    27397,    27531
    27398,    27405
    27399,900017641
    27400,    17432
    27401,    17432
    27403,    27399
    27404,    27440
    27405, 42760698
    27406,    27570
    27407,    27386
    27408,900017599
    27409,    27411
    27410, 42761545
    27411,     4466
    27412,    27411
    27413,    27411
    27415, 42761281
    27416, 42761281
    27417, 42761281
    27418,    27462
    27419, 42761281
    27420, 42761281
    27421, 42761281
    27423,  1165077
    27424,900017623
    27425,900017623
    27426,    17432
    27427,    27424
    27428,    27425
    27429,    27431
    27430,    17432
    27431,    17432
    27432,    17432
    27433,    27437
    27434,    17432
    27435,    17432
    27436,900017638
    27437,     4473
    27438,     4471
    27439,    17432
    27440,    17432
    27441,    27462
    27442,  1165179
    27443,    27462
    27444,    17432
    27445,     4472
    27446,    29509
    27447,    27462
    27448,  1167445
    27449,900017599
    27450,  1165077
    27451,  1167445
    27453,  1167445
    27454,  1165077
    27455,  1165077
    27456,  1167445
    27457,  1167503
    27458,  1167445
    27459,    27460
    27460,    27570
    27461,  1167445
    27462,  1167445
    27463,900017638
    27464,    27399
    27465,    27558
    27466,    27559
    27467, 42761281
    27468,    27372
    27469,  1167445
    27470,    27411
    27471,    27411
    27472,    27411
    27473,    27411
    27474,    27383
    27475,    27635
    27476,    27635
    27477,    27512
    27478,    27411
    27479,    27412
    27480, 42761380
    27481, 42761380
    27486,    27633
    27488,    27378
    27489,    27462
    27492,    27494
    27493,    27494
    27494, 42761281
    27496, 42761281
    27497,    27369
    27498,    27377
    27499, 42761281
    27500,    27502
    27501,    27450
    27502,    27420
    27504,    27506
    27506,    27369
    27509,    27455
    27510,  1165077
    27511,     4095
    27512,    27411
    27513,     4466
    27514,     4466
    27515,    27492
    27517,    17432
    27518,    17432
    27523,    27403
    27524,     4471
    27525,    27463
    27526,    27639
    27527,     4471
    27528,900017638
    27529,     4471
    27530,    27392
    27531,    27532
    27532,    27533
    27533,    27534
    27534, 42779703
    27535,  1167445
    27536,  1167445
    27537,900017599
    27538,  1165077
    27539,  1165077
    27540,    27387
    27541,    27542
    27542,    27543
    27543,    27544
    27544,    27456
    27545,    27546
    27546,    27547
    27547,  1167445
    27548,900017623
    27549,    27411
    27550, 42760270
    27551,    17432
    27556,    27462
    27557,    27488
    27558,    27559
    27559, 42761281
    27560,    27442
    27561, 42761281
    27563,    27504
    27564,    27421
    27568,    27443
    27569,  1167445
    27570,     4100
    27571,     4097
    27575,     4721
    27578,     4721
    27581,    27578
    27587,     4633
    27590,     4633
    27595,  1166962
    27596,  1166962
    27597,  1166962
    27598,  1166962
    27600,  1166962
    27601,     4721
    27604,     4721
    27628,    27551
    27629, 42761380
    27630, 42761380
    27631,    27480
    27632,    27480
    27633,    27557
    27635, 42761551
    27636, 42761281
    27637,  1166962
    27638,    27412
    27639,    27433
    27640,  1167445
    27641,    27458
    27665,  1167202
    27666,    26813
    27667,    26812
    27668,    26944
    27669,    27472
    27708,  1165820
    27709,  1165820
    27710,     4363
    27711,    27712
    27712,    27713
    27713, 42777670
    27715,    27710
    27716,    26753
    27717,    27718
    27718,    26844
    27719,900017627
    27720,  1165820
    27721,900017642
    27722,    17429
    27723,    26921
    27724,    40548
    27725,    26954
    27726,900017642
    27727,  1167084
    27728,    26955
    27729, 42772882
    27730, 42780865
    27731,    27730
    27732, 42771998
    27733,    26989
    27734, 42787469
    27735,  2152839
    27736,     4309
    27737,    27044
    28858,     4363
    28898,    17423
    28899,    27711
    28900,    28901
    28901,    27713
    28902,    27713
    28937,    26713
    28938,    26716
    28939,    26716
    28940,    26716
    28941,    26725
    28942, 42768446
    28943,    26734
    28944,     4404
    28945,     4403
    28946,     4403
    28947,     4403
    28948, 42768446
    28949,900017642
    28950,900017642
    28951,    26786
    28952,  1167537
    28953,  1167537
    28955,    26742
    28956, 42768446
    28958,  1167537
    28959,    26727
    28960, 42775887
    28961,    26751
    28962,    26751
    28963,    26751
    28964,    26753
    28965,    26718
    28966,    26718
    28967,     4303
    28968,     4407
    28969,  1167537
    28970, 42777670
    28971,     4401
    28972,    26710
    28973,  1167537
    28974,    26763
    28975,    26788
    28976,     4303
    28977,  1167537
    28978,    27051
    28979,    26773
    28980,    28979
    28981, 42768446
    28982,     4407
    28983,    26760
    28984,    26785
    28985,     4303
    28986,     4303
    28987,    26812
    28988,    26792
    28989,    26812
    28990,     4303
    28991,    26805
    28992,     4303
    28993,    26812
    28994,    26798
    28995,     4306
    28996, 42764716
    28997,    26813
    28998,    26813
    28999, 42764716
    29000,  2153618
    29001,    26812
    29002,    26812
    29003,    26812
    29004,    26812
    29005,     4306
    29006,    26827
    29007,    26829
    29008,    26848
    29009,  1163812
    29010,    26830
    29011,    26830
    29012,    26829
    29013,    26829
    29014,    26840
    29015,    26840
    29016,    26840
    29017,    26840
    29018,    26812
    29019, 42768658
    29020, 42768658
    29021,    26812
    29022,    26812
    29023,  1167361
    29024,    26850
    29025,    26847
    29026,    26848
    29027,    26812
    29028, 42777658
    29029, 42776064
    29030,     4406
    29031,    26828
    29032,     4303
    29033,    26736
    29034,    26834
    29035,    21360
    29036,     4306
    29037,    26736
    29038,  1167361
    29039,    26816
    29040,  1167361
    29041,  1167361
    29042,  1167361
    29043,  1165741
    29044,    26877
    29045,  1165741
    29046,900017624
    29047,    26918
    29048,    26877
    29049,900017642
    29050,900017642
    29051,900017642
    29052,900017642
    29053,900017642
    29054,900017642
    29055,900017642
    29056,  1165820
    29057,  1165820
    29058,900017644
    29059,     4407
    29060,    26718
    29061,    26886
    29062,    26887
    29063,    17496
    29064,    26718
    29065,900017642
    29066,    26718
    29067,    26904
    29068,900017642
    29069,900017642
    29070,900017640
    29071,900017640
    29072,900017640
    29073,900017640
    29074,  1166010
    29075,  1165982
    29076,900017640
    29077,  1166010
    29078, 42786987
    29079,     4443
    29080,900017642
    29081,    26905
    29082,  1167537
    29083,900017642
    29084,    17429
    29085,    26916
    29086,    26954
    29087,    26954
    29088,  1164358
    29089,    29085
    29090, 42771998
    29091, 42771998
    29092,    26944
    29093,     4106
    29094,    29097
    29095,     4108
    29096,    29099
    29097,    29099
    29098,  1164358
    29099,    29095
    29100,    26926
    29101,  1164711
    29102,  1164711
    29103,     4110
    29104,     4110
    29105,     4111
    29106,     4111
    29107,     4110
    29108,    27724
    29109,  1165820
    29110,     4405
    29111,     4408
    29112,    26935
    29113,  1165736
    29114,  1165736
    29115,    26939
    29116,     4099
    29117,    26939
    29118, 42771998
    29119,900017642
    29120,900017642
    29121,900017642
    29122,    27668
    29123,    26950
    29124,    26954
    29125,     4408
    29126,900017642
    29127,900017642
    29128,900017642
    29129, 42771998
    29130,  1164358
    29131,  1164358
    29132,     4112
    29133, 42771998
    29134, 42771998
    29135,  1167084
    29136,    26955
    29137,900017642
    29138,    26944
    29139,    26944
    29140,    26955
    29141,900017642
    29142, 42771998
    29143,    26825
    29144,    26973
    29145, 42772882
    29146, 42780865
    29147,    26938
    29148,    26919
    29149, 42771998
    29150,  1164133
    29151,     4443
    29152,    26999
    29153,     4443
    29154,     4443
    29155,    26998
    29156,    26998
    29157,     4443
    29158,  1165176
    29159,  1165176
    29160,    26995
    29161,     4099
    29162,     4099
    29163,     4443
    29164,     4443
    29165,     4443
    29166,    26998
    29167,    26998
    29168,    27018
    29169,  1165820
    29170,  1166243
    29171,  1166243
    29172,  1165820
    29173,  1167051
    29174,  1167049
    29175, 42787469
    29176,    27030
    29210,  2152839
    29211,  2152839
    29212,    27045
    29213,    27045
    29214,    27736
    29215, 42768446
    29216,  2152839
    29217,    26716
    29218,    26716
    29219,    26716
    29220,    27051
    29221,    27051
    29222,  1165820
    29223,    27051
    29224,    27051
    29398,     4466
    29399,  1165077
    29400,    27462
    29401,     4097
    29402,    27462
    29403,    27421
    29404,900017623
    29405,    17432
    29406,    17432
    29407,  1167445
    29408,     4468
    29409,  1165077
    29410,  1167445
    29411,  1167445
    29412,  1167445
    29413,  1167445
    29414,  1167445
    29415,  1166579
    29416,    17432
    29417,    17432
    29418,    27510
    29419,    27421
    29420,    27421
    29421, 42761551
    29422, 42761281
    29423,  1167445
    29424,  1167445
    29425,  1167445
    29426,  1167445
    29427,  1167445
    29428,  1167445
    29429,900017641
    29431,    17432
    29432,  1167445
    29433,     4100
    29434,  1167445
    29435,    27411
    29436, 42761551
    29437, 42760270
    29438,    27411
    29439,    27411
    29440, 42761281
    29441, 42761281
    29442,    27369
    29443,    27369
    29444,    27369
    29445,900017623
    29446,    17432
    29447,    17432
    29448,900017638
    29449,900017638
    29450,     4471
    29451,  1167445
    29452, 42779703
    29453,    27462
    29454,  1165077
    29455,  1165077
    29456,    27387
    29457,     4100
    29458,    27411
    29459,    27411
    29460,    27472
    29461, 42761551
    29462, 42761551
    29463,    27475
    29464,    27472
    29466, 42760606
    29467, 42760606
    29469,    27515
    29471, 42761281
    29472, 42761281
    29473, 42761281
    29474, 42761281
    29475, 42761281
    29476, 42761281
    29477, 42761281
    29484,  1165077
    29485,     4097
    29487,    17432
    29488,    36646
    29502,    17432
    29503,    17432
    29507,    27392
    29508,    27531
    29509,  1167445
    29510,    27534
    29511, 42779703
    29512,    27454
    29513,  1165077
    29514,  1167445
    29515,  1167445
    29516,    27411
    29517,    27411
    29518,    27411
    29519,    27411
    29520, 42760606
    29521,    27492
    29522,    27499
    29523,    27442
    29524,    27369
    29528,    27525
    29529,    17432
    29530,    17432
    29531,    17432
    29533,     4473
    29534,900017638
    29535,900017638
    29536,     4472
    29539,     4721
    29540,     4721
    29561,     4633
    29565,  1166962
    29567,  1166962
    29568,  1166962
    29569,  1166962
    29570,  1166962
    29572,  1166962
    29573,  1166962
    29574,  1166962
    29576,  1166962
    29577,  1166962
    29578,  1166962
    29579,  1166962
    29580,  1166962
    29581,  1166962
    29582,  1166962
    29583,  1166962
    29584,  1166962
    29585,  1166962
    29586,  1166962
    29588,  1166962
    29590,  1166962
    29591,  1166962
    29592,  1166962
    29593,  1166962
    29594,  1166962
    29595,  1166962
    29596,  1166962
    29598,  1166962
    29599,  1166962
    29600,  1166962
    29601,  1166962
    29604,     4721
    29606,     4721
    29646,  1167445
    29647,  1167445
    29648, 42771117
    29649,     4100
    29657,    27412
    29661,    17432
    29662,    27499
    29665,    27411
    29666,     4466
    29669, 42761281
    29672,    27557
    29673,    27488
    29676,    27441
    29677,900017638
    29678,900017638
    30222,     4184
    30223,     4184
    30269,    17495
    30270,    30223
    30271,    30270
    30272,     4184
    30273,     4184
    30294,    17495
    30295,    17495
    30296,    17495
    30306,    17495
    30307,    17495
    30318,    17495
    30421,    31893
    30422,    31893
    30424,    17477
    30425,    17477
    30426,    17477
    30427,     4721
    31585,     4184
    31586,    17495
    31587,     4184
    31590,    30223
    31601,    17495
    31602,    17495
    31603,    17495
    31604,     4184
    31605,    17495
    31868,  1167177
    31871,    31868
    31888,    31893
    31889,     4721
    31891,    31893
    31892,    31893
    31893,     4721
    36112,  1167394
    36431,900017628
    36432,900017595
    36435,     4505
    36442,    36664
    36447,    36521
    36448,    36449
    36449,    36447
    36456,     4505
    36469,900017595
    36472,  2152449
    36474,     4505
    36475,    36608
    36476,     4505
    36477,     4505
    36478,     4505
    36487,    36544
    36488,    36882
    36491,  1165211
    36494,900017633
    36500,    36478
    36503,    36670
    36505,900017592
    36509,  1164444
    36513,900017612
    36521,     4505
    36524,     4505
    36532,900017593
    36542,     4641
    36543,     4505
    36544,    36545
    36545,     4099
    36546,900017601
    36550,     4641
    36553,     4505
    36557,    36546
    36562,    36564
    36563,     4505
    36564,    36770
    36566,    36521
    36570,900017628
    36578,    38573
    36581,    36881
    36592,900017628
    36594,     4505
    36608,900017595
    36610,     4505
    36611,     4474
    36615,     4099
    36621,900017633
    36624,     4505
    36626,900017595
    36627,900017595
    36630,900017588
    36641,    36642
    36642,    38573
    36646,  1164440
    36649,900017638
    36652,    36563
    36656,     4505
    36664,    36665
    36665,  1165249
    36670,    36592
    36681,     4505
    36682,  1164444
    36683,  1164444
    36710,  1165249
    36711,  1165249
    36718,900017637
    36719, 42772460
    36720,    36782
    36728,     4505
    36732,     4505
    36735,    36611
    36736,    38574
    36745,900017595
    36746,     4505
    36751,900017635
    36755,  1165249
    36770,     4505
    36780, 42772389
    36782, 42772460
    36784,    36611
    36801,900017590
    36827,    38574
    36828,    36736
    36846,    36852
    36848,    38399
    36849,900017641
    36850,900017623
    36851,    36850
    36852,    36849
    36853,    36854
    36854,    38401
    36855,    36856
    36856,    38399
    36857,900017641
    36858,    38403
    36859,900017641
    36860,900017641
    36862,    36870
    36863,    36870
    36864,    36870
    36865,    36870
    36866,    36870
    36867,    36870
    36868,    36871
    36869,    36871
    36870,    36871
    36871,  1164405
    36872,  1164405
    36873,  1164405
    36876,  1164405
    36880,  1164405
    36881,900017628
    36882,    36544
    38396,    36646
    38399,    36851
    38400,    36851
    38401,    36856
    38402,    36857
    38403,    38402
    38435,  1164405
    38437,     4505
    38518,    36870
    38548,     4505
    38573,    38574
    38574,  1166209
    38591,  1167583
    38598,     4505
    38599,900017612
    38605,900017588
    38715,900017628
    38720,900017595
    38756,900017628
    38757,900017628
    38758,900017628
    38759,900017628
    38761,     4099
    38936,    36736
    38937,    36736
    38978, 42773426
    38979,    38978
    39063,    27525
    39064,    27525
    39095,     4505
    39114,    36478
    39377,    39378
    39378,  1167394
    39380,  1165218
    39382,  1166175
    39383,  1166175
    39384,  1166175
    39385,    39384
    39386,    39385
    39677,    39733
    39678,    40754
    39679,    40732
    39680,    40732
    39681,    39721
    39682,    39721
    39683,    39755
    39684,    39731
    39685,    39717
    39686,    39734
    39687,    40732
    39688,    40732
    39689,    40732
    39690,    40732
    39691,     4402
    39692,    40732
    39693,    40732
    39694,    40732
    39695,     4397
    39696,    40732
    39697,    40732
    39698,    40732
    39699,    40732
    39700,    40732
    39701,    39731
    39702,    39729
    39703,    39731
    39704,    41385
    39705,    39725
    39706,    40861
    39707,    40861
    39708,    40861
    39709,  1167107
    39710,     4402
    39711,    39733
    39712,    40732
    39713,    40732
    39714,    40732
    39715,     4402
    39716,    41358
    39717,    40732
    39718,    40732
    39719,    40732
    39720,     4397
    39721,    40858
    39722,    40743
    39723,     4397
    39724,     4437
    39725,     4402
    39726,    40732
    39727,    40732
    39728,    40732
    39729,     4397
    39730,     4397
    39731,     4397
    39732,     4398
    39733,     4397
    39734,     4402
    39735,    39758
    39736,    40733
    39737,     4402
    39738,     4437
    39739,     4397
    39740,    40732
    39741,    40730
    39742,  1167107
    39743,    39731
    39744,    39731
    39745,    39731
    39746,     4402
    39747,    40732
    39748,     4718
    39749,     4397
    39750,    39688
    39751,    39755
    39752,     4397
    39753,    39691
    39754,    40732
    39755,     4397
    39756,     4402
    39757,     4402
    39758,     4397
    39759,    39753
    39760,     4397
    39761,  1167107
    39762,     4718
    39763,     4718
    39764,  1167107
    39765,    40753
    39766,    39763
    39767,    40732
    39768,    39734
    39769,     4397
    39770,    40818
    39771,    40732
    39772,    39750
    39773,    39772
    39779,     4680
    39780,     4680
    39781,     4680
    39782,     4680
    39783,     4479
    39791,     4479
    39792,     4680
    39795,    17493
    39798,     4680
    39804,     4680
    39811,     4479
    39815,    40285
    39820,    40285
    39827,    40538
    39830,     4680
    39831,    39838
    39832,    40538
    39833,     4479
    39834,     4680
    39838,     4680
    39856,     4680
    39859,     4680
    39860,     4680
    39863,     4680
    39864,     4680
    39868,     4184
    39874,     4184
    39877,    39890
    39889,     4680
    39890,     4680
    39901,     4680
    39902,     4680
    39903,     4680
    39906,     4680
    39907,     4680
    39915,     4479
    39920,     4668
    39921,     4668
    39922,     4668
    39932,    39933
    39933,    40226
    39934,    40152
    39948,    40226
    39949,     4680
    39963,     4668
    39965,     4680
    39966,     4680
    39973,     4668
    39986,     4680
    39987,     4680
    39990,     4680
    39992,    39986
    39993,     4668
    40008,     4680
    40009,     4680
    40010,900017591
    40015,     4668
    40028, 42771681
    40039,    40064
    40040,    40064
    40045,     4668
    40046,    39932
    40050,     4680
    40057,     4680
    40058,     4680
    40059,1000000002
    40063,  1166267
    40064,  1166267
    40073,  1166267
    40091,    39987
    40120,    40226
    40121,    40226
    40122,     4680
    40127,     4185
    40132, 42771681
    40152,     4669
    40161,     4479
    40162,     4479
    40165,     4479
    40166,     4479
    40181,     4668
    40205, 42789561
    40225,     4668
    40226,     4680
    40244,    40226
    40245,    39932
    40246,    40226
    40247,    40226
    40248,    40249
    40249,    40091
    40250,    40064
    40251,    40064
    40258,     4479
    40259,    40586
    40260,    40585
    40262,     4479
    40264,     4110
    40265,    26932
    40266,     4680
    40267,     4110
    40269,     4479
    40270,     4488
    40271,    40614
    40272,    40291
    40273,     4110
    40276,    40353
    40277,    40353
    40278,    40321
    40279,  1167210
    40280,     4110
    40281,    40282
    40282,    40644
    40283,     4479
    40284,     4479
    40285,     4479
    40287,    40321
    40288,    40291
    40289,     4484
    40290,    40291
    40291,     4484
    40292,    40343
    40294,    40321
    40295,    40599
    40296,     4110
    40297, 42767652
    40298,    40325
    40299,    40298
    40300,     4110
    40302,     4110
    40303,     4485
    40304,     4485
    40305,    40291
    40307,    40604
    40308,    40343
    40309,    40618
    40310,    26932
    40311,    40597
    40312,    40353
    40313,     4488
    40315,     4488
    40316,    41367
    40317,     4110
    40318,     4479
    40319,     4484
    40320, 42776460
    40321,    40353
    40322,    40353
    40323,     4479
    40324,    40614
    40325, 42767724
    40326,  1164358
    40327,    40321
    40328,    40640
    40329,     4484
    40330, 42766098
    40331,    40353
    40332,     4467
    40333,  1164358
    40334,     4485
    40335,    40353
    40336,     4479
    40337,    26932
    40338,    40265
    40339,     4110
    40340,    26931
    40341,     4110
    40342,     4110
    40343,     4484
    40344,    40320
    40345,    40321
    40346,    40298
    40347,    40653
    40348, 42774238
    40350, 42768316
    40351,    40326
    40352,     4488
    40353,     4482
    40354,    40343
    40356,     4475
    40359,     4467
    40360,     4467
    40361,     4467
    40362,    40369
    40363,    40422
    40364,    40393
    40366,    40400
    40367,    40627
    40369,     4467
    40370,    40527
    40371,    40389
    40372,    40388
    40373,    40428
    40375, 42771894
    40376,  1164358
    40377,    40401
    40379,    40499
    40380,900017628
    40381,    40402
    40383,  2152431
    40384,  2152431
    40386,    40402
    40387,    40413
    40388,    40529
    40389,    40406
    40390,     4467
    40391,     4467
    40393, 42771891
    40395,    40417
    40396,    40393
    40397,    40422
    40398,     4479
    40399,    40409
    40400,     4479
    40401,     4479
    40402,     4479
    40403,     4479
    40404,    40402
    40405,    40441
    40406,    40441
    40407,     4467
    40408,    40402
    40409,    40379
    40410,    40441
    40411,    40593
    40412,     4467
    40413,     4479
    40414,     4479
    40415,    39820
    40416,    39820
    40417,     4479
    40418,     4479
    40419,     4479
    40420,    40438
    40421,    40453
    40422,     4510
    40423,     4510
    40426,    40501
    40428,     4475
    40429,  1164358
    40430,  1165736
    40432,     4479
    40433,  1164407
    40434,  1165736
    40435, 42772874
    40436,    40657
    40437, 42770203
    40438,     4479
    40439,    40505
    40441,    40592
    40442,    40521
    40443,     4482
    40444, 42783133
    40445,    40495
    40446,  1165736
    40447,  1165736
    40448,  1165736
    40449,  1165736
    40451,    40556
    40452,     4470
    40453, 42778976
    40454, 42778976
    40455,    41389
    40456, 42768591
    40459,     4475
    40460,    40594
    40461,     4479
    40462,     4467
    40463,    40462
    40464,    40564
    40465,     4475
    40466,  2152431
    40467,    40657
    40470,    40657
    40471,     4479
    40472,     4479
    40473,     4479
    40474,    41399
    40475,    41389
    40476,    40544
    40477,    40544
    40478,     4475
    40479,     4475
    40480,    40262
    40481,    41389
    40482,    41389
    40483,    41389
    40484,    41389
    40485,    26932
    40486,    41438
    40487,    40435
    40488,     4110
    40489,     4510
    40490,     4475
    40491,     4479
    40492,     4479
    40493,     4479
    40494,    40538
    40495,     4479
    40496,    40538
    40497,     4475
    40498,     4475
    40499,     4479
    40500, 42771613
    40501,     4479
    40502,    40501
    40503,    40420
    40504,     4467
    40505,  1165736
    40506,  1165736
    40507,     4479
    40508,     4479
    40509,    40473
    40510,  1165736
    40511,    26942
    40512,    41389
    40513,    40551
    40514,    40479
    40515,    40282
    40516,    41370
    40517,     4479
    40518,    40597
    40519,     4475
    40520,     4479
    40521,     4475
    40522,     4467
    40523,     4467
    40524,     4467
    40525,    40583
    40526,    40421
    40527,     4479
    40528,    40529
    40529,    40494
    40530,900017628
    40531,900017628
    40532,  1165736
    40533,    40505
    40534,    40505
    40535,    40505
    40536,    40570
    40537, 42771344
    40538,     4479
    40539,     4479
    40540,     4479
    40541,     4479
    40542,     4475
    40543,     4475
    40544,     4475
    40548,    41434
    40549,     4479
    40550,     4479
    40551,  1164358
    40552,    40632
    40553,    40586
    40554,    40569
    40556,     4479
    40557,     4109
    40558,900017628
    40559,     4479
    40560,     4479
    40561,    40586
    40562,    40586
    40563,  1167594
    40564,    40570
    40565,     4467
    40566,     4476
    40567, 42778976
    40568,  1165736
    40569,     4475
    40570,    40380
    40571,900017628
    40572,    40590
    40573,    40604
    40574,    40393
    40575,    40607
    40577,    40604
    40578,    41391
    40579,  1164357
    40580,     4110
    40581, 42771613
    40582,    40583
    40583,    40454
    40585,     4479
    40586,     4479
    40587,  1165736
    40588,    40453
    40589,900017628
    40590,    40418
    40591,     4479
    40592,     4479
    40593,     4479
    40594,  1164711
    40595,    40353
    40596,    40625
    40597,    40353
    40598,     4110
    40599,     4110
    40600,     4484
    40601,    40353
    40602,  1167210
    40603,900017628
    40604,900017628
    40605,900017628
    40606,    40580
    40607,     4467
    40608,    40563
    40609,     4479
    40610,     4479
    40611,     4479
    40612,     4479
    40613,     4110
    40614, 42774226
    40615,    40341
    40616,    40613
    40617,     4488
    40618,     4110
    40619,    40625
    40620,     4484
    40621,    40353
    40622,     4485
    40623,     4485
    40624,     4484
    40625,     4484
    40626,     4467
    40627,    40393
    40628,900017628
    40629,900017628
    40630,  1165736
    40631,    40451
    40632,    40485
    40633,     4482
    40634, 42772018
    40636,  1164711
    40637,  1164358
    40638,    41434
    40639,    41428
    40640,     4110
    40641,    40321
    40642,    40282
    40643,    40625
    40644, 42766101
    40645,     4482
    40646,     4482
    40647,    40353
    40648,    40291
    40649,    40291
    40650,     4485
    40651, 42774238
    40652,     4485
    40653,     4485
    40654,     4110
    40655,     4109
    40656,    40422
    40657,    40563
    40658,     4475
    40660,     4475
    40661,    40353
    40662,     4475
    40663,    40343
    40664, 42767652
    40665,     4479
    40666,    40353
    40667,     4475
    40668,    40343
    40669,     4475
    40671,    40544
    40672,     4475
    40673,    40353
    40674,     4475
    40675,     4475
    40676,     4475
    40677,     4475
    40679,     4475
    40680,    40402
    40681,    40386
    40682,    40544
    40684,     4475
    40685, 42767652
    40686,    40297
    40687,     4475
    40688,    40402
    40718,    39709
    40719,    39718
    40720,    39718
    40721,    39718
    40722,     4397
    40723,     4402
    40724,     4397
    40725,    39733
    40726,    39733
    40727,    40755
    40728,     4437
    40729,     4397
    40730,    41336
    40731,    39759
    40732,    39748
    40733,    39742
    40734,     4402
    40735,     4402
    40736,    40818
    40737,     4402
    40738,     4402
    40739,     4402
    40740,     4402
    40741,     4397
    40742,    39709
    40743,    40825
    40744,     4437
    40745,    40861
    40746,    40732
    40747,    39688
    40748,  1167107
    40749,     4397
    40750,  1167107
    40751,     4402
    40752,     4397
    40753,    40750
    40754,  1167107
    40755,     4398
    40756,    40732
    40757,    40732
    40759,     4437
    40760,     4397
    40761,     4397
    40762,     4397
    40763,     4398
    40764,     4398
    40765,     4397
    40766,     4397
    40767,     4397
    40768,    40806
    40769,     4397
    40770,     4397
    40771,    39720
    40772,    39720
    40773,     4397
    40774,     4397
    40775,     4397
    40776,     4397
    40777,     4397
    40778,    40806
    40779,     4397
    40780,     4397
    40781,     4397
    40782,     4398
    40783,     4398
    40784,    40806
    40785,     4397
    40786,    39733
    40787,     4397
    40788,     4397
    40789,     4398
    40790,    40729
    40791,     4398
    40792,     4397
    40793,    40818
    40794,    40818
    40795,     4397
    40796,     4397
    40797,     4397
    40798,     4398
    40799,     4397
    40800,     4397
    40801,    40806
    40802,     4397
    40803,     4398
    40804,     4398
    40805,     4398
    40806,    40805
    40807,     4397
    40808,     4397
    40809,     4397
    40810,     4397
    40811,     4397
    40812,     4397
    40813,     4397
    40814,     4397
    40815,     4397
    40816,     4397
    40817,     4397
    40818,    40797
    40820,    40755
    40821,    40755
    40822,    39733
    40823,    40729
    40824,    40729
    40825,     4437
    40826,    40818
    40827,    40818
    40828,    40818
    40829,    40818
    40830,    40818
    40831,    40828
    40832,    40818
    40833,    40818
    40834,    40818
    40835,    40818
    40836,     4402
    40837,     4402
    40838,     4402
    40839,     4402
    40840,     4402
    40841,    40842
    40842,    39757
    40843,     4402
    40844,     4402
    40845,     4402
    40846,     4402
    40847,     4402
    40848,     4402
    40849,     4402
    40850,     4397
    40851,     4397
    40852,     4402
    40853,     4402
    40854,     4402
    40855,    40854
    40856,    39742
    40857,    39721
    40858,  1163795
    40859,    40860
    40860,  1163795
    40861, 42790095
    40862, 42790095
    40863,    40732
    40864,    40865
    40865,    39735
    40866,     4397
    40867,    40732
    40916,     4475
    41334,  2153488
    41335,  2153488
    41336,    39705
    41337,     4402
    41338,    39757
    41339,     4402
    41340,    40818
    41341,     4397
    41342,     4397
    41343,     4397
    41348,    41389
    41354,    40604
    41356,     4402
    41357,    39754
    41358,    41359
    41359,    40732
    41360,    40861
    41361,    39717
    41362,    39773
    41363,     4397
    41367,    40320
    41369,    40662
    41370,     4475
    41383,    41431
    41384,    40353
    41385,    40746
    41386,    40732
    41388,    26932
    41389,     4481
    41390,    40298
    41391,    40338
    41394,    40226
    41398,     4485
    41399, 42778976
    41400,     4484
    41401,     4482
    41402,    40321
    41403,    40321
    41404,    40321
    41405,    40321
    41406,    40321
    41407,    40321
    41408,    40321
    41409,    40321
    41410,    40321
    41411,    39783
    41412,  1167210
    41413,     4479
    41414,    40064
    41415,     4680
    41416,     4680
    41417,    39830
    41418,    39834
    41422,  2152431
    41425,    40326
    41426,    41383
    41427, 42782922
    41428,    41427
    41429,    41436
    41430,    41429
    41431, 42772806
    41432,    40326
    41433,  1164133
    41434,    41433
    41435,    41426
    41436, 42772806
    41437,    41426
    41438,    41430
  1163699,     4392
  1163702,  1166402
  1163704,  1166735
  1163706,  1165784
  1163713,  1167356
  1163714, 42758579
  1163659,  1163663
  1163663,  1163666
  1163666,    20642
  1163770,  1165751
  1163773,    21445
  1163795,    40732
  1163800,  1165741
  1163802,  1167091
  1163803,  1163802
  1163812,     4370
  1163822,  1167046
  1163823,  1163822
  1163824,  1166445
  1163916,  1166762
  1163917,  1163916
  1164133,  1164358
  1164385,900017643
  1164388,  1165879
  1164398,  1167445
  1164401,     4103
  1164402,  1164466
  1164405,900017638
  1164406,    36611
  1164407,900017628
  1164413,  1166728
  1164357,    41428
  1164358,  1164711
  1164359,     4443
  1164513,  1166280
  1164437,     4721
  1164438,     4721
  1164439,900017616
  1164440,     4505
  1164444, 42772389
  1164447,900017620
  1164448,  1164447
  1164450,900017620
  1164454,  1166244
  1164456,     4104
  1164465,  1166610
  1164466,  1166258
  1164470,  1166258
  1164471,  1164470
  1164472,  1164470
  1164473,  1164470
  1164474,  1164473
  1164619,  2152807
  1164620,  1164619
  1164635,     4435
  1164746,    26812
  1164705,  1164746
  1164706, 42768658
  1164711,     4444
  1165113,900017628
  1165117,    40544
  1164881,  1163773
  1165141,  1164358
  1165249,  1164472
  1165250,     4440
  1165251,     4436
  1165253,  1164359
  1165145,  1166762
  1165151,900017598
  1165156,900017620
  1165176,  1164454
  1165179,    27462
  1165180,     4105
  1165187,     4106
  1165308, 42770513
  1165309,  1165308
  1165313, 42767394
  1165501,  1167049
  1164959,  1164990
  1165211,  1164471
  1165216,     4185
  1165217,900017636
  1165218,  1164385
  1164990,  1166639
  1165075,     4105
  1165076,  1164401
  1165077,     4468
  1165780,  1166402
  1165784,  1165780
  1166175,  1167394
  1166176,  1167394
  1165799, 42767394
  1165982,  1167092
  1165986,900017640
  1166181,  1165780
  1165809,    21437
  1165820,    17497
  1166010,  1167093
  1166203,  1163704
  1166204,  1167514
  1166209,900017623
  1165831,     4680
  1165833,  1167451
  1166243,     4400
  1166244,900017628
  1166258,  1165113
  1165696,     4398
  1165876,     4680
  1165879,  1165251
  1166267,     4680
  1165718,     4443
  1165551,     4680
  1165736,  1165187
  1165741,  1167202
  1165751,    21617
  1166610,  1165113
  1166962,     4635
  1166639,    23140
  1166770,    21617
  1166774,  1165780
  1166369,     4307
  1167011,  1166907
  1167012,  1166907
  1167013,  1167011
  1166402,900017643
  1166686,  1165180
  1167014,     4184
  1166410,  1165141
  1166843,900017624
  1167032,     4444
  1167046,     4308
  1167048, 42765523
  1167049,  1167048
  1167050,  1165820
  1166445,  1163803
  1166727,    26928
  1166728,     4480
  1167051,  1167050
  1166735,  1166774
  1166762,  1167083
  1166906,     4600
  1166907,  1166906
  1166300,     4483
  1166921,  1166922
  1166922,  1167427
  1166506,     4721
  1166579,  1164398
  1166925,     4721
  1166927, 42777009
  1166930,  1165308
  1167123,  1164358
  1167125,  1167123
  1167313,900017628
  1167514,  1167202
  1167322,900017595
  1167324,  1167451
  1167537,900017642
  1167334,    17477
  1167335,    17477
  1167347,  1164881
  1167174, 42758579
  1167177,  1167174
  1167356,  1166176
  1167361,     4602
  1167186, 42775377
  1167187,     4721
  1167583,    36611
  1167594,    40531
  1167202,1000000002
  1167210,    40298
  1167394,  1165313
  1167213,  1165180
  1167622,900017628
  1167243,  1163802
  1167427,  1166774
  1167429,     4721
  1166274,  1167243
  1166280,  1166203
  1167445,     4098
  1167083,     4403
  1167084,     4408
  1167451,900017620
  1167087,  1165986
  1167088,  1167094
  1167090,  1166843
  1167091,  1167090
  1167092,900017640
  1167093,900017640
  1167094,900017642
  1167107,     4402
  1167503,  1167445
  2151937,1000000002
  2152117,  1167537
  2152123,  2153226
  2152262,  2153488
  2152273,    40732
  2152192,    40731
  2152193,  1163916
  2152194,  1165820
  2152428,    40476
  2152431,    40574
  2152437,  1165736
  2152440,  1166258
  2152447,     4185
  2152449,  1164474
  2152453,  1164388
  2152467,     4680
  2152551,  1165879
  2152558,     4505
  2152565,  1167084
  2152579,  1164705
  2152597,900017642
  2152742,     4437
  2152710,    39890
  2152786,  2152565
  2152787,  1165741
  2152839,    23141
  2152847,  2153066
  2152807,  2152786
  2152935,900017623
  2152945,  2152839
  2152900,    38574
  2152985,  1163823
  2153032,  2153593
  2153066,  2152945
  2153006,900017638
  2153030,  1166762
  2153031,  1166762
  2153132,    41428
  2153124,  1164959
  2153125,  2153124
  2153245,    27530
  2153226,  1166369
  2153231,  1166727
  2153380,900017620
  2153381,900017620
  2153479,     4667
  2153392,     4399
  2153393,     4399
  2153418,    23142
  2153428,  1167451
  2153618,    26815
  2153626,    27720
  2153627,  2153626
  2153488,  1166369
  2153528,  1166843
  2153529,    27030
  2153531,  2153529
  2153533,    27033
  2153534,    27033
  2153535,    27018
  2153536,  2153537
  2153537,    23144
  2153540,  1167032
  2153545,    26967
  2153548,  2153545
  2153593,  2153535
  2153594,    27016
  2153596,  2153540
  2153601,  2153602
  2153602,  2153603
  2153603,  1166762
 42758579,  1163713
 42757990,    40404
 42758058,    40377
 42757015,    26841
 42760698,  1167445
 42760079,     4576
 42760606,    27382
 42760270, 42761551
 42760535,    27367
 42759048,  1165780
 42759133,    21473
 42761380,    27413
 42761545,    27411
 42761551, 42761545
 42761281,     4466
 42761930,    21286
 42765423, 42765700
 42765425,  1165180
 42766098,    40353
 42766101,    40353
 42765700,  1164450
 42765523,  1165820
 42765527,    26880
 42764000,1000000002
 42764716,900017642
 42764407,    21578
 42764126,900017642
 42764560,  1165741
 42764257,900017642
 42768683,  2153124
 42768686,  2152839
 42768308,  1165879
 42767803,     4479
 42768316,     4110
 42768446,     4367
 42767900,    40353
 42767652,    40621
 42768137,  1167210
 42768141,  1167210
 42768591,    40479
 42767724, 42767727
 42767727,    40612
 42768658,    26812
 42767360,    40284
 42767387,    21464
 42767394,    21439
 42770890,    21566
 42770813,    21523
 42770930,  1165218
 42770323, 42770974
 42770937,    20631
 42770329,    23797
 42770974,900017643
 42770977,900017643
 42770392,  1164385
 42770412,    20632
 42770421,    21464
 42770422, 42770421
 42770203,     4479
 42771117,  1167445
 42770513,  1165809
 42769965,900017587
 42769417,    40479
 42769418,    40479
 42769762,900017587
 42769779,    20570
 42769606,    40575
 42772773,    36505
 42772806,    40434
 42773426,     4505
 42773444,  1165156
 42772874,  1165736
 42772882,    26938
 42772943,    36557
 42771804,    40755
 42771810,     4398
 42772460,900017637
 42771837,900017643
 42771891,     4467
 42771894,    40359
 42771596,     4185
 42771904,900017643
 42771910,    21589
 42771613, 42778976
 42771344,    40479
 42771681,     4680
 42771998,     4112
 42772018,    40497
 42772389,     4505
 42776064,    26812
 42776069,     4406
 42775377,     4635
 42774934,    26963
 42775887,     4401
 42773912,    40435
 42774226,    40339
 42774238,    40652
 42773978,     4110
 42774289,    40511
 42777649,    21304
 42777658, 42776064
 42777670,    27051
 42777672,    27051
 42777701,    21318
 42777892,    27047
 42778400,    17423
 42777824,    26863
 42777285, 42773978
 42777290, 42774934
 42776383,    26877
 42777009, 42791025
 42776724,    23153
 42776456,     4484
 42776460,    41400
 42780358,  1167032
 42780552,900017640
 42780673,  1167032
 42780987, 42774934
 42780116,    36431
 42780591,900017642
 42780600,    26885
 42780701,    27033
 42780428, 42780600
 42780435, 42780591
 42780865,    27729
 42780904, 42773978
 42780056,900017643
 42778960,900017627
 42778655,900017642
 42778976,    40587
 42778988,900017643
 42778998,    20573
 42779003,    20612
 42779047,    40513
 42779052,    40551
 42779680,     4443
 42779059,900017642
 42779699,900017643
 42779082,    23806
 42779387,    20005
 42779703,900017599
 42779101,    26737
 42779414,     4105
 42783103,    40422
 42783133,     4478
 42783180,  1167013
 42782896,    26939
 42782922,    40460
 42781260,900017642
 42781267, 42787074
 42781596,    27010
 42781382, 42780701
 42781136, 42781267
 42781452,  1167013
 42781215, 42781260
 42781842,  1166402
 42785749,    26939
 42784976,    21341
 42784704,  2153601
 42784205,    21569
 42783957,    40599
 42783965,    40300
 42783989,    40311
 42784644,    21392
 42787505,    21614
 42788161,    21324
 42787560,    40818
 42787335,    40854
 42787361,    26805
 42787663,    26756
 42788312,  1165820
 42787411,    27033
 42787412, 42781382
 42787417,  2153627
 42787426,  2153531
 42787469,  1167049
 42787998,  1163824
 42786906,  1163916
 42786987,    20003
 42787068,900017642
 42787074,900017642
 42787081,     4443
 42791025,  1163699
 42790095,    39716
 42790107,    39688
 42789899,     4680
 42790904, 42765423
 42789745,  1165831
 42789561,  1165216
 42789602,  1167361
 42791050,    27045
