1000000022,        0
     4258,  1167366
     4311,  1163947
     4312,  1164432
     4313,    26519
     4314,    38431
     4316,    36376
     4317,     4318
     4318, 42778119
     4319,     4597
     4356,     4318
     4357,  1164514
     4358,  1165267
     4359,    26625
     4360,     4361
     4361,  1164463
     4362,    26479
     4540,  1166651
     4541,    21379
     4542,    27238
     4543,    36331
     4545,    26458
     4546,1000000022
     4547,1000000022
     4575,  1166996
     4577,    26582
     4579,    36348
     4580,    27085
     4582,1000000022
     4584,    21379
     4585, 42762786
     4586,  1165680
     4591,  2152196
     4592,  1165798
     4593,  2152199
     4594,    27073
     4595,    27165
     4596,    26603
     4597,  1165097
     4598,  1163882
     4603,  1166122
    17394,1000000022
    17395,1000000022
    17396,1000000022
    17454,    20595
    17455,1000000022
    17456,    36338
    17457,1000000022
    17458,1000000022
    17459,1000000022
    17465,    27245
    17467,  1166323
    17468, 42770336
    17490, 42778021
     7649,     4597
     7651,  1165680
     7656,    21379
    20453,  1163882
    20456,  1163882
    20497,     4314
    20498,    27171
    20506,  1163882
    20514,    20506
    20548,  1163873
    20549,    21292
    20550,    21292
    20561,    21372
    20562,    20561
    20563,    20562
    20564,    20565
    20565,    23135
    20566,    23135
    20567,    21379
    20581,1000000022
    20584,1000000022
    20585,1000000022
    20586,    23154
    20587,1000000022
    20593,    20594
    20594, 42776416
    20595,    20593
    20596,    20595
    20597,    20596
    20598,1000000022
    20599,    21378
    20600,    21378
    21112,    20506
    21177,    21112
    21218,1000000022
    21219,1000000022
    21220,1000000022
    21221,1000000022
    21222,1000000022
    21223,1000000022
    21227,1000000022
    21230,1000000022
    21231,1000000022
    21232,1000000022
    21235,    21368
    21236,    21368
    21237,    21369
    21247,1000000022
    21248,1000000022
    21262,1000000022
    21264,1000000022
    21265,1000000022
    21266,    21267
    21267,1000000022
    21268,1000000022
    21269,1000000022
    21270,1000000022
    21271,1000000022
    21272,1000000022
    21273,1000000022
    21274,1000000022
    21275,1000000022
    21276,    21278
    21277,1000000022
    21278,1000000022
    21279,1000000022
    21283,1000000022
    21292,    20566
    21294,    21295
    21295,    21296
    21296,    21297
    21297,    21292
    21298,    21299
    21299,    21300
    21300,    20548
    21301,  1163873
    21302,1000000022
    21309,    20581
    21313,1000000022
    21314,1000000022
    21368,    21237
    21369,    21370
    21370,1000000022
    21372,1000000022
    21375,    21377
    21376,    21375
    21377,  1164288
    21378,    23135
    21379,1000000022
    21383,    20587
    21480,    20453
    23135,     4540
    23136,1000000022
    23147,1000000022
    23154,    23135
    23326,    26691
    23327,    38431
    23347,  1163873
    23348,    20549
    23349,  1163873
    23354,    23135
    23355,    21379
    23358,    23135
    23361,1000000022
    23364,1000000022
    23365,    20593
    23368,  2152499
    23369,    23135
    23370,    23135
    23379,1000000022
    23380,1000000022
    23381,1000000022
    23382,1000000022
    23384, 42776416
    23385,    23370
    23386,    20567
    23387,    23386
    23599,1000000022
    23600,1000000022
    23601,1000000022
    23602,1000000022
    23603,1000000022
    23604,1000000022
    23606,1000000022
    23608,1000000022
    23609,1000000022
    23611,1000000022
    23612,1000000022
    23613,1000000022
    23614,1000000022
    23615,1000000022
    23631,1000000022
    23635,    20581
    23672,1000000022
    23673,    23674
    23674,    20586
    23675,    23674
    23676,    23674
    23677,    23674
    23678,    20586
    23679,1000000022
    23680,1000000022
    23687,1000000022
    23688,1000000022
    23699,    23135
    23709,1000000022
    23710,1000000022
    26443,     4597
    26444, 42763455
    26445, 42778119
    26446,     4312
    26447,     4312
    26448,     4312
    26449,  1164514
    26450,     4357
    26451,  1166400
    26452,    26451
    26453,    26473
    26454,    26478
    26455,    26456
    26456,    26457
    26457, 42775934
    26458,1000000022
    26459,     4362
    26460,     4362
    26461,     4362
    26462,    26530
    26463,  1165134
    26464,  1166323
    26465,  1166323
    26466,  1165134
    26467,    26536
    26468,    26528
    26469,    26572
    26470,    26466
    26471,    26466
    26472,     4312
    26473,  1163832
    26474,    26569
    26475,    26449
    26476,    26477
    26477,    26478
    26478,  1166533
    26479,    26480
    26480,    28713
    26481,    26454
    26482,    26472
    26483,    26484
    26484,1000000022
    26485,    26460
    26486,    26482
    26487,    26452
    26488,     4545
    26489,    26530
    26490,    26530
    26491,    28739
    26492,    26530
    26493,1000000022
    26494,    26571
    26495,    26572
    26496,    26469
    26497,  1163878
    26498,  1166295
    26499,    26500
    26500,    26476
    26501,     4312
    26502,     4312
    26503, 42763037
    26504,     4313
    26505,    26529
    26506,    28739
    26507,     4575
    26508,    26509
    26509,    26548
    26510,    26511
    26511,    26512
    26512,    26513
    26513,    26514
    26514,     4311
    26515,  1166323
    26516,     4575
    26517,    26534
    26518,    26516
    26519,  1165169
    26520,     4313
    26521,  1166295
    26522,    26575
    26523,  1166295
    26524, 42763767
    26525,  1165134
    26526,    26506
    26527,    26538
    26528,    26535
    26529, 42770950
    26530,    26529
    26531,     4575
    26532,    26514
    26533,    26514
    26534,    28739
    26535,    26536
    26536,  1164514
    26537, 42765074
    26538,     4603
    26539,    26538
    26540,    26521
    26541,    26524
    26542,    26541
    26543,    26541
    26544,  1166122
    26545,  1166323
    26546, 42770336
    26547,     4603
    26548,    26549
    26549,     4603
    26550,    26499
    26551,    26552
    26552,    26475
    26553,     4603
    26554,     4603
    26555,    26583
    26556,    26555
    26557,    26556
    26558,    26557
    26559,    26558
    26560,    26559
    26561,    26560
    26562,    26561
    26563,  1163832
    26564,     4311
    26565,    26566
    26566,  1167366
    26567,  1167558
    26568,    31929
    26569,  1165615
    26570,  1163878
    26571,  1165680
    26572,  1166295
    26573,  1166295
    26574,  1166295
    26575,    26588
    26576,1000000022
    26577,    26576
    26578,1000000022
    26579,1000000022
    26580,1000000022
    26581,    26580
    26582,    26470
    26583,     4547
    26584,    26568
    26585,    26563
    26586,    26464
    26587,  1167355
    26588,    26591
    26589,  1166295
    26590,     4313
    26591,  1166295
    26592,    26515
    26593,    26473
    26594,  1166295
    26595,  1166295
    26596,    26526
    26597,    26514
    26598,  1164514
    26599,    26512
    26600,     4597
    26601,    26635
    26602,    26634
    26603,    27170
    26604,    26605
    26605,     4356
    26606,    26604
    26607,    26604
    26608,  1163882
    26609,  1163882
    26610,  1163882
    26611,    26610
    26612,    26610
    26613,  1163882
    26614, 42782129
    26615,    26617
    26616,     4356
    26617, 42776035
    26618, 42776035
    26619, 42776035
    26620,    26651
    26621,     4597
    26622,     4597
    26623, 42778119
    26625,    26626
    26626,     4360
    26627,     4359
    26628,  1165267
    26629,     4319
    26630,     4319
    26631,    27664
    26632,    26631
    26633, 42778119
    26634, 42778119
    26635, 42778119
    26636,    26609
    26637,     4318
    26638,     4597
    26639,     4318
    26640, 42776035
    26641,    26637
    26642,     4356
    26643,    26651
    26644,    26604
    26645,     4361
    26647,  1165267
    26648,  1165267
    26649,  1165267
    26650,     4318
    26651,    26616
    26652, 42764898
    26653,    26609
    26654,     4318
    26655,     4318
    26656,     4318
    26685,1000000022
    26686,1000000022
    26687,1000000022
    26688, 42763081
    26689,    38431
    26690,    26689
    26691,    38431
    27070,     4597
    27071,  1165798
    27072,    27116
    27073,    27094
    27074,    27095
    27075,    27095
    27076,    27154
    27077,     4591
    27078,    27170
    27079,    27131
    27080,  1163882
    27081,    27184
    27082,  1166725
    27083,    27160
    27084,    20498
    27085,  1163882
    27086,  1167327
    27087,    27086
    27088,1000000022
    27089,1000000022
    27090,    27077
    27091,  1163882
    27092,  2151934
    27093,    27074
    27094, 42763696
    27095,    27175
    27096,    27120
    27097,    27163
    27098,    27114
    27099,     4597
    27100,    27087
    27101,    27100
    27102,    27078
    27103,    27170
    27104,     4596
    27105,    27106
    27106,     4596
    27107,    27105
    27108,    27077
    27109,    27093
    27110,  1165798
    27111,  1165798
    27112,    27148
    27113,  1165798
    27114,  1165798
    27115,  1165798
    27116,    26614
    27117,    26614
    27118,    27109
    27119,  1165798
    27120,  1163882
    27121,    27120
    27122,    29288
    27123,    27105
    27124,    27167
    27125,     4596
    27126,  1163882
    27127,  1166358
    27128,  1163882
    27129,  1163882
    27130,  1166358
    27131,  1165101
    27132,    27080
    27133,  1163882
    27134,  1165101
    27135,  1165101
    27136,    27182
    27137,    27138
    27138,    27172
    27139,  1166725
    27140,1000000022
    27141,    26685
    27142,  1166725
    27143,1000000022
    27144,1000000022
    27145,1000000022
    27146,  1165798
    27147,    27148
    27148,     4594
    27149,    27173
    27150,  1165101
    27151,  1163882
    27152,  1166358
    27153,  1166358
    27154,    27128
    27155,     4596
    27156,    27155
    27157,    27084
    27158,    27088
    27159,    27088
    27160,     4591
    27161,  1163882
    27162,  1165798
    27163,    27072
    27164,    27118
    27165,    27104
    27166,    27092
    27167,    27107
    27168,    27169
    27169, 42763696
    27170,  1165101
    27171,    27085
    27172,  1163882
    27173,1000000022
    27174,    27153
    27175, 42763696
    27176,    27105
    27177,    27157
    27178,    27085
    27179,  1163882
    27180,  1163882
    27181,  1163882
    27182,    27081
    27183,1000000022
    27184,  1166725
    27231,     4542
    27232, 42785029
    27233, 42762828
    27234,    27243
    27235,     4542
    27236,1000000022
    27237,1000000022
    27238,    27234
    27239,    27254
    27240,1000000022
    27241,1000000022
    27242,    27239
    27243,1000000022
    27244,    27256
    27245,    27250
    27246,    27249
    27247,    27248
    27248,     4542
    27249,    27244
    27250,    27248
    27251, 42785029
    27252, 42785029
    27253,1000000022
    27254,    27240
    27255,     4542
    27256, 42785029
    27664, 42778119
    27682,    27683
    27683,    27079
    27707, 42778119
    27739, 42785029
    28702, 42763455
    28703,    26478
    28704,    26478
    28705,    26478
    28706,    26536
    28707,    26572
    28708,     4312
    28709,    26472
    28710,    26472
    28711,    26478
    28712,    26446
    28713,    26481
    28714,    26575
    28715,     4575
    28716,    26533
    28717,    26533
    28718,    26514
    28719,     4311
    28720,     4313
    28721,    26515
    28722,    26524
    28723,  1166122
    28725,    26575
    28726,    26575
    28727,  1167355
    28728,  1165680
    28729,    26464
    28730,  1167639
    28731,  1165615
    28732,    26563
    28733,     4313
    28734, 42763037
    28735,     4313
    28736,  1163832
    28737,     4362
    28738,     4362
    28739,  1166929
    28740,    26575
    28741,  1166295
    28742,    26575
    28743,  1166295
    28744,    26478
    28745,  1166323
    28746,    26479
    28747,    26479
    28748,    26479
    28749,  1167366
    28750,     4312
    28751,     4312
    28752,  1165169
    28753,  1166122
    28754,  1164514
    28755,  1167355
    28756,    31929
    28757,     4603
    28758,  1166122
    28759,     4603
    28760,    31929
    28761,  1166295
    28762,  1166295
    28763,    26521
    28764,  1164514
    28765,  1166295
    28766,    26584
    28767,     4603
    28768,    26512
    28769,  1163877
    28770,    26583
    28771,     4593
    28772,    27073
    28773,     4360
    28774,  1164463
    28775,  1164463
    28776,    26633
    28777,  1164463
    28778, 42776035
    28779,     4318
    28780,     4319
    28781,     4356
    28782,     4356
    28783,  1163882
    28784,  1163882
    28785,    26651
    28786,     4361
    28788,     4356
    28789, 42778119
    28790, 42778119
    28791,     4597
    28792, 42764898
    28793,     4318
    28794,     4318
    28795,    26651
    28796,     4361
    28797,  1165267
    28798,     4361
    28800,     4356
    28801,     4356
    28802,     4356
    28803,     4356
    28804,    26637
    28805, 42764898
    28806,  1164463
    28807,     4360
    28808,  1166725
    28809,    20506
    28810,    21112
    28811,  1163882
    28812,  1163882
    28813,  1163882
    28814,  1163882
    28815,  1163882
    28816,  1163882
    28817,    26444
    28818,  1164463
    28819, 42778119
    28820,     4318
    28821,     4318
    28822,     4318
    28823,     4318
    28824,    26650
    28826,     4318
    28855,    26685
    29263,     4597
    29264, 42763696
    29265,     4596
    29266,     4596
    29267,    26614
    29268,  1163882
    29269,  1163882
    29270,    27682
    29271,  1165101
    29272,  1163882
    29273,  1165101
    29274,1000000022
    29275,1000000022
    29276,  1163882
    29277,     4596
    29278,    27104
    29279,    27137
    29280,    27137
    29281,1000000022
    29282,  1163882
    29283,  1163882
    29284,     4596
    29285,    27077
    29286,    27085
    29287,     4319
    29288,  1163882
    29289,  1165798
    29310, 42785029
    29311,     4542
    29312,1000000022
    29313,1000000022
    29314,1000000022
    29315,     4542
    29316,     4542
    29317,    27238
    29318,    27253
    29319,    27256
    29320, 42785029
    30720,    27126
    31927,    31928
    31928,    38431
    31929,  1167355
    36115,1000000022
    36116,1000000022
    36117,    36246
    36118, 42764139
    36121, 42791122
    36122,1000000022
    36123,    36417
    36124,  1166349
    36125,    36331
    36126,1000000022
    36127,    36359
    36128,    36317
    36129,  1166349
    36130,     4585
    36131, 42784294
    36132,    36347
    36133,     4585
    36134,     4585
    36135,1000000022
    36136,    36268
    36137,1000000022
    36138,    36186
    36142,    36306
    36143,  1166349
    36144,    36199
    36145,     4585
    36146,    36147
    36147,    36278
    36148,    36230
    36149,1000000022
    36150,    36206
    36151,    36170
    36152,1000000022
    36153,     4585
    36154,     4585
    36155,    36156
    36156,     4585
    36157,1000000022
    36158,1000000022
    36159,    36170
    36160,    36161
    36161,    36159
    36162,    36159
    36165,1000000022
    36169,    38395
    36170,    36171
    36171,1000000022
    36172,  1166349
    36173,1000000022
    36174,    38431
    36176,1000000022
    36177,    38431
    36180,1000000022
    36182,1000000022
    36183,    36331
    36184, 42761977
    36185,    36275
    36186,1000000022
    36187,1000000022
    36188,    38431
    36189,    36253
    36190,     4585
    36191,     4585
    36192, 42764139
    36193,1000000022
    36194, 42784294
    36195,     4585
    36196,1000000022
    36197,    36196
    36198,  1166349
    36199,    36200
    36200,    36173
    36201,    38431
    36202,1000000022
    36203,1000000022
    36204, 42762888
    36205,1000000022
    36206, 42766153
    36207, 42766163
    36208,    36186
    36209,    36186
    36210, 42764879
    36211,    36361
    36212,    36194
    36213,1000000022
    36214,  1166349
    36215,    36216
    36216,    36214
    36217,1000000022
    36218,     4585
    36219,     4585
    36220,     4585
    36221,1000000022
    36223,    38431
    36224,1000000022
    36225,1000000022
    36226, 42784122
    36227,    36174
    36228,1000000022
    36230,     4585
    36231,     4585
    36232,     4585
    36233,    38431
    36234,    36235
    36235,     4585
    36236,    36234
    36237,  1166349
    36239, 42764879
    36240,    36348
    36241,1000000022
    36242,    38604
    36243,     4585
    36244, 42770873
    36245,    36348
    36246,    36245
    36247,    36307
    36248,1000000022
    36249,    36366
    36250,    36186
    36251,    36250
    36252,    36250
    36253,    36230
    36254,1000000022
    36255,1000000022
    36256,1000000022
    36257,    36258
    36258,     4585
    36259,    36243
    36264,    36150
    36265, 42764139
    36266, 42764139
    36267,1000000022
    36268,     4582
    36271,    36272
    36272,     4585
    36273, 42763081
    36274, 42763081
    36275,    38398
    36276,     4585
    36277,    38431
    36278,    36409
    36279,1000000022
    36280,1000000022
    36281,1000000022
    36282,1000000022
    36283,1000000022
    36284,1000000022
    36287,    36149
    36288,    36226
    36289,    36364
    36290, 42763081
    36291,    36410
    36292,1000000022
    36294,     4585
    36295,     4585
    36296,  1166349
    36298,    38604
    36299,     4585
    36300,    36347
    36301,    36347
    36302,1000000022
    36304,    36366
    36305,    36359
    36306,    36305
    36307,     4585
    36308,     4585
    36309,1000000022
    36310,1000000022
    36312,1000000022
    36313,    36312
    36315,    36361
    36317,    36352
    36318,  2152288
    36319,    38431
    36320,    36348
    36321,    36225
    36322,    36186
    36323,    36348
    36324,1000000022
    36325,1000000022
    36326,1000000022
    36328, 42784294
    36329,    36353
    36330,1000000022
    36331,1000000022
    36332,     4585
    36333,  1166349
    36335,    36149
    36336,    38431
    36337,     4585
    36338,1000000022
    36339,     4585
    36340,1000000022
    36341,1000000022
    36342,    36189
    36343,    36186
    36344, 42784294
    36346,1000000022
    36347,1000000022
    36348,1000000022
    36349,    36359
    36350,1000000022
    36351,     4585
    36352,     4585
    36353,    36136
    36354,     4585
    36355,1000000022
    36356,1000000022
    36358,    36359
    36359,    36194
    36360,    36194
    36361,    36360
    36362,     4585
    36363,    36184
    36364,     4585
    36365,     4585
    36366,    36332
    36367,    36366
    36368,    36366
    36369,    36417
    36370,    36258
    36371,    38431
    36372,    38431
    36373,    38431
    36374,    26691
    36375,    36408
    36376,    26691
    36377,    38431
    36378,    38431
    36379,    38431
    36380,    38431
    36381,    36371
    36382,    26691
    36383,    38431
    36384,    36385
    36385,    38431
    36386,    36403
    36387,    36392
    36388,    31928
    36389,    36403
    36390,    36403
    36391,    36392
    36392,    31928
    36393,    36389
    36394,    36404
    36395,    38431
    36396, 42770095
    36397,    38431
    36398,    38431
    36399,    31928
    36400,    38431
    36401,    38431
    36402, 42768586
    36403,    36402
    36404,    36392
    36405,    36381
    36406,    36405
    36407,    36397
    36408,    38431
    36409, 42791122
    36410, 42791122
    36411,1000000022
    36412,1000000022
    36413,1000000022
    36414,1000000022
    36415,1000000022
    36416,    36258
    36417,    36124
    36418,    36237
    36419,    36198
    36426,1000000022
    36427, 42764139
    36428,1000000022
    36429,    36204
    36430,1000000022
    37139,1000000022
    38389,    36211
    38390,1000000022
    38391, 42763081
    38392,    36348
    38393,1000000022
    38394,1000000022
    38395, 42764879
    38398, 42768835
    38425,     4585
    38426,     4585
    38427,     4585
    38428,     4585
    38429,    36405
    38431, 42763081
    38432,    36250
    38433,    36250
    38434,1000000022
    38520,    36353
    38521,    36329
    38533,    38604
    38579,1000000022
    38604,    36125
    38753,1000000022
    38754,     4585
    38755, 42762786
  1163862,1000000022
  1163866,1000000022
  1163867,  1163866
  1163868,  1163867
  1163869,  1163868
  1163870,  1163869
  1163871,1000000022
  1163873,     4584
  1163877,  1166673
  1163878,  1165134
  1163882,  1166358
  1163829,  1165615
  1163832,    31929
  1163952,     4311
  1163947,  1165720
  1164288,  1166651
  1164514,  1166400
  1164432,  1166965
  1164463,     4318
  1165097,  1165094
  1165101,  1166725
  1165134,  1166295
  1165267,     4361
  1165169,     4311
  1164995,     4312
  1165094,  1163882
  1165615,  1167639
  1165798,     4593
  1166000,1000000022
  1165680,  1166295
  1165720,  1166323
  1166122,  1163878
  1166533,    26473
  1166965,  1163952
  1166349,1000000022
  1166358, 42759238
  1166651,1000000022
  1166996,  1167558
  1166673,  1166295
  1166400,     4312
  1166725,1000000022
  1166295,1000000022
  1166929,     4575
  1166323,    28739
  1167327,  1165101
  1167558,  1165134
  1167355,  1163829
  1167366,  1167397
  1167397,  26567
  1167639,  1166323
  1167246,1000000022
  2151934,    27102
  2152196,  1163870
  2152199,  1163882
  2152206,  1163877
  2152207,  1167558
  2152288,     4585
  2152299,1000000022
  2152486,1000000022
  2152499,    21376
  2152991,1000000022
  2153652,1000000022
 42758950,     4596
 42759238,  1167327
 42763209,1000000022
 42763671, 42763133
 42763695,  1163878
 42763696,  1163882
 42762697,  1163878
 42762711,    36258
 42763754,    27103
 42762786,  1166349
 42762991,    26688
 42763455,     4597
 42763458,    26443
 42762493,  1163877
 42762501,  1167246
 42762815, 42784706
 42762828, 42785029
 42763037,    26502
 42763061,    38394
 42762888,    36205
 42763081,    36348
 42763133,    20581
 42762341,     4575
 42761791,    26647
 42762156,    26493
 42762239,    26493
 42762271,     4575
 42761637,    26580
 42761641,    36155
 42761977,    36289
 42765209,    26493
 42766153, 42766163
 42766163,1000000022
 42765224,    26581
 42765074,    26446
 42763767,    26525
 42764124,1000000022
 42764139,    36115
 42764878,    36210
 42764879,1000000022
 42764898,     4318
 42764264,    26444
 42763960,1000000022
 42768333,    26547
 42768586,    31928
 42770950,  1166929
 42770336,    26545
 42770872,    26462
 42770873,    36271
 42770095,    36399
 42770246,  1166122
 42769339,     4575
 42769439,  1163877
 42768835,    36215
 42776030,    26640
 42776035,     4318
 42776117,     4318
 42775934,    26485
 42778115,     4597
 42778119,     4597
 42778021,    26638
 42776668,1000000022
 42776416, 42779801
 42776507,1000000022
 42776508,1000000022
 42776907, 42779801
 42779470,     4542
 42779801,1000000022
 42782630,    26611
 42781960,    36117
 42782129,    27120
 42785029,     4542
 42785125,    36410
 42784706,    20597
 42784122,    36174
 42784294,     4585
 42788772, 42769439
 42789202,  1166349
 42789358,  2152991
 42791122,1000000022
