1000000020,        0
     4065,    38317
     4066,1000000020
     4067,1000000020
     4076,1000000020
     4077,  1163671
     4078,    21204
     4079,  1167017
     4080,  1164490
     4082,  1164526
     4083,900017677
     4084,  1167554
     4085,    20783
     4087,    21016
     4130,  1166004
     4147,     4130
     4148,     4720
     4150,  1166074
     4157,  1163524
     4158,1000000020
     4159,1000000020
     4160,1000000020
     4161,    20239
     4162,1000000020
     4163,  1166941
     4164,  1164616
     4166,     4164
     4170,  1163524
     4171,  1163524
     4172,  1163524
     4173,    21113
     4176,    20417
     4255,    38317
     4256,    37575
     4257,    20482
     4259,  1167575
     4260,  1163516
     4277,    20280
     4278,  1164876
     4279,    20340
     4280,    21107
     4286,  1164093
     4525,  1165040
     4526,    21158
     4527,  1163591
     4530,  1163523
     4531,  1165890
     4532,  1165039
     4533,  1163629
     4534,    20246
     4535, 42767725
     4536,    20920
     4548,    20877
     4550,    20397
     4551,    20472
     4555,     4556
     4556,  1163595
     4557,  1166395
     4558,    23148
     4622,  1164521
     4626, 42783007
     4627,  1166001
     4628,    20078
     4720,  1164509
    17460,    20432
    17472,  1165396
900017677,     4079
900017681,1000000020
     7659,  1165890
     7661,     4536
     7662,  1164076
     7758,     4082
     7761,1000000020
    20009,  1166393
    20010,    21021
    20011,    20298
    20012,    20094
    20013,  1166806
    20014,    20013
    20015,    20849
    20016,    20117
    20017,    21028
    20018,    20019
    20019,    21027
    20020,    20115
    20021,  1165725
    20022, 42782001
    20023,    20065
    20024,  1166254
    20025,  1167497
    20026,    20025
    20027,    20885
    20028,    21038
    20029,    21038
    20030,    20872
    20031,    21058
    20032,  1164522
    20033,    20032
    20034,    21041
    20035,    20034
    20036, 42758194
    20037,    20274
    20038,  1163624
    20039,1000000020
    20040,    20837
    20041,    20837
    20042,  1167419
    20043,1000000020
    20045,  1167521
    20046,    20919
    20047,    21038
    20048,    20037
    20049,    20274
    20050,    20274
    20051,    20908
    20052,    20909
    20053,    20907
    20054,    20905
    20055,    21038
    20056, 42762542
    20057,    20058
    20058,    21038
    20059,    20849
    20060,     4087
    20061, 42780244
    20062,    20063
    20063,    20064
    20064,  1163679
    20065,  1163679
    20066,  1163624
    20067,    20156
    20068,    20067
    20069,    20067
    20070,    20173
    20071,    20173
    20072,    20073
    20073,    20251
    20074,     4259
    20075,  1165040
    20076,    21146
    20077,     4555
    20078,    20077
    20079,    20408
    20080,    20408
    20081,    20411
    20082,    20412
    20083, 42767725
    20084, 42767725
    20085, 42767725
    20086,    20409
    20087,    20410
    20088,     4147
    20089,  1167104
    20090,    20091
    20091,  1166364
    20092,  1167104
    20093,  1163622
    20094,    21049
    20095,     4085
    20096,  1165890
    20097,    20038
    20098,    20099
    20099,    20100
    20100,  1163624
    20101,    20093
    20102,    20093
    20103,  1163623
    20104,    20093
    20105,    20021
    20106,    21026
    20107,    21026
    20108,    21026
    20109,    21026
    20110,    20138
    20111,    20138
    20112,    20134
    20113,    21027
    20114,    20021
    20115,  1165725
    20116,1000000020
    20117,1000000020
    20118,1000000020
    20119,1000000020
    20120,  1165725
    20121,1000000020
    20122,1000000020
    20123,  1163598
    20124,    20123
    20125,1000000020
    20126,1000000020
    20127,1000000020
    20128,    20119
    20129,    21068
    20130,  1167498
    20131,1000000020
    20132,1000000020
    20133,1000000020
    20134,    20133
    20135,    20134
    20136,1000000020
    20137,1000000020
    20138,  1165725
    20139,    21002
    20140,1000000020
    20141,1000000020
    20142,  1163625
    20143,  2153576
    20144,    20505
    20145,    20505
    20146,    23204
    20147,1000000020
    20148,1000000020
    20149,1000000020
    20150,    20043
    20151,  1166806
    20152,    20151
    20153,  2153485
    20154,    20155
    20155,  2152769
    20156,  2152769
    20157,  2152769
    20158,    20156
    20159,  1167522
    20160, 42781921
    20161,1000000020
    20162,     4079
    20163,  1164490
    20164,     4079
    20165,    20404
    20166,    21125
    20167,     4555
    20168,  1167422
    20169,     4085
    20170,     4085
    20171,     4085
    20172,  1167419
    20173,    20072
    20174,    20073
    20175,    20783
    20176,    20138
    20177,    21122
    20178,    20512
    20179,     4171
    20180,    20972
    20181,1000000020
    20182,    20832
    20183,  1167171
    20184,  1167171
    20185,  1167171
    20186,    20783
    20187,    20783
    20188,    20201
    20189,     4085
    20190,    20189
    20191,     4085
    20192,    20154
    20193,    20154
    20194,    20159
    20195,    20789
    20196,    20195
    20197,    20196
    20198,    20197
    20199,    20200
    20200,    20196
    20201,    20200
    20202,    20203
    20203,    20204
    20204,    20205
    20205,1000000020
    20206,  1164523
    20207,  1164523
    20208,  1167498
    20209,    20208
    20210,    20211
    20211,    20798
    20212,    23243
    20213,    23243
    20214,  1166094
    20215,  1166094
    20216,    20215
    20217,    20218
    20218,    20257
    20219,    20217
    20220,    20217
    20221,    20217
    20222,    20217
    20223,    21051
    20224,    20831
    20225,    20247
    20226,    20227
    20227,  1166393
    20228,  1163526
    20229,    21040
    20230,    21040
    20231,  1166941
    20232,    20849
    20233,    20297
    20234,    20849
    20235,    20234
    20236,     4530
    20237,     4720
    20238,  1166045
    20239,     4278
    20240,    20242
    20241,    20060
    20242,    20015
    20243,    20015
    20244,    20231
    20245,    20244
    20246,    20230
    20247,    20224
    20248,  1166393
    20249,    20013
    20250,    20013
    20251,    20194
    20252,    20286
    20253,  1165356
    20254,    20309
    20255,    20919
    20256,  1165725
    20257,    20129
    20258,    20152
    20259,    20849
    20260,  1165860
    20261,  1165860
    20262,  1163516
    20263,  1163516
    20264,  1163516
    20265,  1163516
    20266,    25941
    20267,    20305
    20268,  1163527
    20269,    20310
    20270,    20271
    20271,     4147
    20272,    20859
    20273,    20272
    20274,    21039
    20275,    20277
    20276,    20238
    20277,    20276
    20278,    20307
    20279,    20282
    20280,    20281
    20281,    21061
    20282,    21061
    20283,     4277
    20284,    20935
    20285,    20849
    20286,    20287
    20287,    20288
    20288,    20849
    20289,    20232
    20290,    20015
    20291,    20293
    20292,    20291
    20293,    20258
    20294,    20311
    20295,    20337
    20297,     4085
    20298,     4085
    20299,    20300
    20300,     4277
    20301,  1166393
    20302,  1166393
    20303,  1166393
    20304,  1167030
    20305,    20306
    20306,     4150
    20307,    20308
    20308,    21037
    20309,    21077
    20310,    21051
    20311,    21014
    20312,    21148
    20313,    20314
    20314,  1163524
    20315,    20316
    20316,  1163524
    20317,  1163524
    20318,  1163524
    20319,  1163524
    20320,    20321
    20321,    21094
    20322,    20323
    20323,  1163524
    20324,    20320
    20325, 42761602
    20326,    21093
    20327,  1164093
    20328,    20355
    20329,  1164076
    20330,    20359
    20331,    20358
    20332,    20253
    20333,  1167573
    20334,    21079
    20335,    21079
    20336,    21079
    20337,    21107
    20338,     4280
    20339,    20353
    20340,    20339
    20341,  1163646
    20343,  1165757
    20344,  1165757
    20345,  1163646
    20348,  1165356
    20349,  1167261
    20350,  1164076
    20351,  1164076
    20352,     4280
    20353,     4280
    20354,    20045
    20355,  1167521
    20356,    20357
    20357,  1164093
    20358,  1165356
    20359,  1164185
    20361,    21156
    20362,  1163524
    20363,  1163524
    20364,  1163524
    20365,    20364
    20366,  1163524
    20367,    20366
    20368,  1163524
    20369,  1163524
    20370,    21161
    20371,    20370
    20374,  1163524
    20375,  1163524
    20376,    20377
    20377,    20378
    20378, 42767725
    20379, 42757525
    20380,    20391
    20381,    20391
    20382,    20391
    20383,  1163524
    20384,  1164493
    20385,  1164493
    20386,    20407
    20387, 42783836
    20388,  1166948
    20389,  1166947
    20390,    21168
    20391,    20383
    20392,  1163524
    20393,  1163524
    20394,  1164100
    20395,    20253
    20396, 42767725
    20397,    20421
    20398,    21092
    20399,    21092
    20400, 42760820
    20401,     4170
    20402,  1163524
    20403,  1165356
    20404,  1165356
    20405,    21125
    20407,    20181
    20408,    20177
    20409,    20168
    20410,     4626
    20411,    20413
    20412,    20413
    20413,     4556
    20414,    20167
    20415,    21121
    20416,  1167150
    20417,  1167489
    20418,    20419
    20419,  1167489
    20420,    20418
    20421,  1167489
    20422,    20423
    20423,    20424
    20424,    20313
    20425,  1167489
    20426, 42770301
    20427, 42770301
    20428,    20427
    20429,  1163581
    20430,    20443
    20431,    20443
    20432,    21191
    20433,  2152032
    20434,    20481
    20435,    20519
    20436,1000000020
    20437,    20434
    20438,    20434
    20439,1000000020
    20440,    20489
    20441,    21200
    20442,    21200
    20443,    20484
    20444,    20530
    20445,    20146
    20446,    20528
    20447,    21162
    20448,    20495
    20449, 42783255
    20450, 42783769
    20451,    20522
    20452,    20086
    20454,    21192
    20455,    20443
    20457,    20460
    20458,    20460
    20459,  1165859
    20460,  1165859
    20461,    20463
    20462, 42786653
    20463,    20464
    20464,    20433
    20465,    21205
    20466,    20443
    20467,    21200
    20468,    20501
    20469,  1165040
    20470, 42767725
    20471,    20397
    20472,    20397
    20473,     4170
    20474,     4170
    20475,  1166606
    20476,    21179
    20477,  1165859
    20478,    20438
    20479,    21181
    20480,  1165859
    20481,    20480
    20482,    20471
    20483,    20473
    20484,    20483
    20485,    20443
    20486,  2151925
    20487,    20142
    20488,    20519
    20489,    20521
    20490, 42782167
    20491,    20436
    20492,    20491
    20493,    21178
    20494,  1166606
    20495,    20517
    20496,    21169
    20499,    20487
    20500,    20478
    20501,    20539
    20502, 42766572
    20503,    20508
    20504,    20537
    20505,    20507
    20507,    21198
    20508,  2152972
    20509, 42767725
    20510, 42779176
    20511,  1164493
    20512,  1164493
    20513,     4170
    20515,  1163524
    20516,    20476
    20517,    20516
    20518,    20523
    20519,    20451
    20520,    21210
    20521,    21167
    20522,    20496
    20523,1000000020
    20524,1000000020
    20525,1000000020
    20526,    20524
    20527,1000000020
    20528,  1163581
    20529,1000000020
    20530,    20470
    20531,    21154
    20532,  1165040
    20535,    20078
    20536,1000000020
    20537,    20503
    20538,    20468
    20539, 42767725
    20540,    21201
    20541,    21201
    20542, 42767725
    20543, 42767725
    20544, 42767725
    20545, 42767725
    20546,    20469
    20547,    21190
    20568,1000000020
    20601,1000000020
    20683,  1166801
    20684,    20929
    20783,  1164490
    20784,  1164490
    20785,  1164490
    20786,  1166494
    20787,     4079
    20788,    20164
    20789,     4079
    20796,    20783
    20797,  1166446
    20798,    31926
    20799,    20022
    20800,    20118
    20801,    20117
    20802,    20233
    20803,    20804
    20804,  1167030
    20805,    20806
    20806,    20803
    20807,    20783
    20808,  1166393
    20809,    20810
    20810,    20226
    20811,  1166393
    20812,    20022
    20813,    20016
    20814,    20022
    20815,    20022
    20816,1000000020
    20817,    20150
    20818,    20819
    20819,    20823
    20820,    20786
    20821,    20786
    20822,    20160
    20823,    20822
    20824,    21204
    20825,  1163619
    20826,  1163674
    20827,  1163674
    20828,    20826
    20829,    20826
    20830,  1164490
    20831,    23403
    20832,  1166801
    20833,    20838
    20834,    20838
    20835,    20838
    20836,     4147
    20837,  2152804
    20838,     4147
    20839,     4147
    20840,     4147
    20841,    20040
    20842,    20228
    20843,     4147
    20844,    20845
    20845,    20921
    20846,    20922
    20847,  1166355
    20848,  1166355
    20849,  1166355
    20850,  1166355
    20851,    20172
    20852,    20172
    20853,    20014
    20854,  1166446
    20855,  1166446
    20856,     4079
    20857,    20858
    20858,     4147
    20859,     4147
    20860,     4147
    20861,     4147
    20862,  1167498
    20863,    20862
    20864,  1166941
    20865,    20864
    20866,    21012
    20867,    21040
    20868,  1166980
    20869,  1164522
    20870,  1166393
    20871,    20964
    20872,    20871
    20873,  1163609
    20874,  1163609
    20875,    20874
    20876,    20873
    20877,  1141119
    20878,    20969
    20879,    20902
    20880,    20890
    20881,    20053
    20882,    20052
    20883,    20882
    20884,    20885
    20885,    20902
    20886,    20019
    20887,    21039
    20888,    20810
    20889,    20857
    20890,    20025
    20891,    20913
    20892,    20097
    20893,    20922
    20894,    20896
    20895,    20896
    20896,    20922
    20897,     4147
    20898,  1163623
    20899,    20900
    20900,    20138
    20901,  1163526
    20902,  1163623
    20903,  1163623
    20904,  1167104
    20905,  1163589
    20906,  1163589
    20907,  1163589
    20908,  1163589
    20909,    20908
    20910,    20051
    20911,    20024
    20912,  1166643
    20913,    20914
    20914,    20911
    20915,    20891
    20916,  1163607
    20917,    20918
    20918,    20061
    20919,    20061
    20920,  1163631
    20921,    20968
    20922,    20968
    20923,    20892
    20924,    20844
    20925,    20924
    20926,    20924
    20927,    21031
    20928,  1164490
    20929,    20683
    20930,  1167062
    20931,  1167062
    20932,  1167062
    20933,    20217
    20934,  1166941
    20935,    21072
    20936,  1163607
    20937,    20877
    20938,    20919
    20939,    20938
    20940,    20938
    20941,    20896
    20942,  1165981
    20943,  1165981
    20944,  1165981
    20945,    20943
    20946,    20945
    20947,    20950
    20948,    20947
    20949,    20951
    20950,    20945
    20951,    20945
    20952,    20953
    20953,    20968
    20954,    20836
    20955,    20890
    20956,    20957
    20957,    20959
    20958,  1141119
    20959,    20958
    20960,  1167169
    20961,    20970
    20962,  1163613
    20963,    20937
    20964,    20965
    20965,  1167169
    20966,    20967
    20967,  1167169
    20968,     4533
    20969,    20956
    20970,    20960
    20971,1000000020
    20972,1000000020
    20973,    20972
    20974,1000000020
    20975,    20971
    20976,    20971
    20977,    20972
    20978,    20977
    20979,    20975
    20980,    20976
    20981,    20976
    20982,    20984
    20983,    20976
    20984,  2153668
    20985,    20986
    20986,    20994
    20987,1000000020
    20988,1000000020
    20989,1000000020
    20990,1000000020
    20991,1000000020
    20992,1000000020
    20993,1000000020
    20994,    20996
    20995,    20105
    20996,    20105
    20997,    20105
    20998,    21026
    20999,    20837
    21000,  1167104
    21001,    21003
    21002,    21001
    21003,    21005
    21004,    20140
    21005,1000000020
    21006,    20307
    21007,    20267
    21008,    21053
    21009,    21011
    21010,  1163513
    21011,    21008
    21012,    20033
    21013,    20138
    21014,    20015
    21015,    20289
    21016,  1166094
    21017,  1165838
    21018,    20199
    21019,    20887
    21020,    21039
    21021,  1166393
    21022,1000000020
    21023,1000000020
    21024,1000000020
    21025,    20115
    21026,    20114
    21027,  1165725
    21028,1000000020
    21029,    20786
    21030,    20786
    21031,    20825
    21032,    20215
    21033,  1166094
    21034,  1166094
    21035,     4087
    21036,     4087
    21037,    20060
    21038,    20808
    21039,    21038
    21040,    21039
    21041,    21020
    21042,    20887
    21043,    20198
    21044,  1163632
    21045,  1163632
    21046,    21045
    21047,  1163632
    21048,    21047
    21049,    21048
    21050,  1163635
    21051,    21050
    21052,    21010
    21053,    21052
    21054,    21056
    21055,    21056
    21056,    21052
    21057,    20094
    21058,  1166941
    21059,    20934
    21060,     4163
    21061,    21062
    21062,    21060
    21063,    21061
    21064,  1166941
    21065,  1166941
    21066,  1166941
    21067,  1166941
    21068,1000000020
    21069,    20157
    21070,    21071
    21071,    21069
    21072,    20279
    21073,  1165399
    21074, 42760240
    21075,  1165357
    21076,    21075
    21077,    20286
    21078,    21079
    21079,  1164185
    21081,    21079
    21082,  1164185
    21083,     4166
    21084,  1165757
    21085,    20407
    21086,  1166606
    21087,    21088
    21088,    21137
    21089,  1167573
    21090,    21084
    21091,  1165002
    21092,    21137
    21093,    20320
    21094,  1165002
    21097, 42757453
    21098,  2152882
    21099, 42761600
    21100,    20325
    21101,    21137
    21102,    21103
    21103,    21074
    21104,  1163646
    21106,  1163646
    21107, 42782615
    21108,    21107
    21109,    21107
    21111,  1165757
    21113,    21083
    21114,     4173
    21115, 42764509
    21116, 42767725
    21117,  1167150
    21118,    23553
    21119,    21118
    21120,    20416
    21121,    21124
    21122,    21123
    21123,  1163578
    21124,  1167150
    21125,  1167627
    21126,    21092
    21127,    21129
    21128,     4279
    21129,     4279
    21130,     4279
    21131,  1167573
    21132,  1167573
    21133,  1167573
    21134,    21076
    21135,    20326
    21136,  1163581
    21137,    21089
    21138,  1163649
    21139, 42767725
    21140,    21141
    21141,     4525
    21142,     4557
    21143,     4525
    21146,  1165040
    21148,    21007
    21149,  1163524
    21150,    21149
    21151,     4626
    21152,    21151
    21153,    21151
    21154,  1167422
    21155,  1163524
    21156,    20363
    21157,    21156
    21158, 42770301
    21159,    21158
    21160,    20368
    21161, 42767725
    21162,    20927
    21163,  1165859
    21164,    21165
    21165,  1165859
    21166,    20480
    21167,    20465
    21168,    21167
    21169,    20440
    21170,  1165944
    21171, 42782092
    21172,    20442
    21173,    21164
    21174,  1163524
    21175,1000000020
    21176,  1166606
    21178,    21179
    21179,    21172
    21180,  1165944
    21181,    21182
    21182,    20477
    21183,    20146
    21184,  2153573
    21185,  1166606
    21186,1000000020
    21187,1000000020
    21188,1000000020
    21189,    20446
    21190, 42767725
    21191,    20486
    21192,    21194
    21193,    20379
    21194,    20510
    21195,    20391
    21196,  1163524
    21197,    20178
    21198,    20143
    21199,    21168
    21200,    21180
    21201,    20546
    21202,  1163524
    21203,  1167422
    21204,  1166871
    21205,1000000020
    21206,1000000020
    21207,    21206
    21208,    21210
    21209,    21207
    21210,    21209
    21211,    20520
    21212,    21211
    21213,    20146
    21214,    21212
    21224,1000000020
    21225,1000000020
    21226,1000000020
    21228,1000000020
    21229,1000000020
    21233,1000000020
    21234,1000000020
    21238,    21239
    21239,1000000020
    21240,1000000020
    21241,1000000020
    21242,1000000020
    21243,    21246
    21244,    21246
    21245,1000000020
    21246,    21245
    21249,1000000020
    21250,1000000020
    21251,    21252
    21252,1000000020
    21253,1000000020
    21254,    21251
    21255,    21251
    21256,    21255
    21257,    21255
    21258,1000000020
    21259,    21263
    21260,    21255
    21261,    21255
    21263,    23610
    21311,    21312
    21312,1000000020
    21371,1000000020
    21380,1000000020
    21381,1000000020
    23145,    21101
    23146,  1164076
    23148,  1165002
    23149,  1163646
    23150,    23149
    23176,  1166393
    23177,    20138
    23178,    20890
    23179,    20272
    23180,  1167169
    23181,    20864
    23182,    20912
    23183,    20451
    23184,  1167419
    23185,  1166355
    23186,  1166446
    23187,     4079
    23188,    20783
    23189,    20786
    23190,  1167521
    23191,  1164076
    23192,  1164093
    23193,    20357
    23194,    20357
    23195,    20068
    23196,    20371
    23197,    20371
    23198, 42767725
    23199,    20025
    23200,    20025
    23201,    20030
    23202,  1163624
    23203,    20138
    23204,1000000020
    23205,  1167419
    23206,1000000020
    23207,    20160
    23208,    20196
    23209,     4079
    23210,    20887
    23211,    23455
    23212,  1167422
    23213,  1167422
    23214,  1167422
    23215,    21204
    23216,  1166801
    23217,    20684
    23218,    20826
    23219,    21031
    23220,    20293
    23221,    20013
    23222,    20159
    23223,    20194
    23224,  1166094
    23225,  1167498
    23226,  1167422
    23227,  1167422
    23228,  1167422
    23229, 42783007
    23230, 42783007
    23231, 42765091
    23232,    20130
    23233,    20783
    23234,  1167522
    23235,  1167498
    23236,  1167498
    23237,  1166094
    23238,    20810
    23239,  1167627
    23240,    20919
    23241,  1163513
    23242,  1165725
    23243,    20040
    23244,    20283
    23245,     4277
    23246,    20285
    23247,    20015
    23248,  1164076
    23249,    20351
    23250,    20351
    23251,  1164076
    23252,    21052
    23253,  1163524
    23254,    20402
    23255,    20402
    23256,    20402
    23257,  1163524
    23258,  1164616
    23259,  1164616
    23260,     4157
    23261, 42767725
    23262,    20323
    23263,  1167627
    23265,  1165399
    23266,    21076
    23267,  1164076
    23268,  1167627
    23269,  1167627
    23270,  1167573
    23271,  1165356
    23272,     4280
    23273,    20338
    23274,  1165002
    23276,  1165320
    23277,    21083
    23278,    21083
    23279,    21114
    23280,  1165356
    23281,  1165356
    23282,  1164076
    23283,    20352
    23284,    20352
    23285,    20352
    23286,  1165357
    23287,  1164093
    23289,  1164076
    23290,  1164093
    23291,  1164185
    23292,     4626
    23293,  1167422
    23294,  1167422
    23295,    20496
    23296,     4557
    23297,  1167627
    23298,  1165356
    23299,  1165356
    23300,     4626
    23301,     4556
    23302,     4556
    23303,    20167
    23304,     4555
    23305,     4555
    23306,     4555
    23307,    20408
    23308,    20167
    23309,  1167489
    23310,    23311
    23311,     4173
    23312,  1167489
    23313,    20421
    23314,1000000020
    23315,    20481
    23316, 42786653
    23317, 42786653
    23318,    20371
    23319,  1163581
    23320,  1165859
    23321,  1166606
    23322,  1166606
    23323,  1163581
    23324,    20388
    23325,  1166606
    23328,    20487
    23329,1000000020
    23330,    20479
    23331,    20396
    23332,    20504
    23333,    20388
    23334,1000000020
    23335,    20078
    23336,    20078
    23337,    20078
    23338,    20078
    23339,    20078
    23340,    20078
    23341,  1165040
    23342,  1165040
    23343,  1165040
    23345,    21182
    23346,  1165040
    23378,1000000020
    23383, 42777230
    23388,1000000020
    23389,1000000020
    23402,  1166801
    23403,    23402
    23446,  1164490
    23447,    20783
    23453,  1165838
    23454,1000000020
    23455,    20817
    23456,  1163674
    23457,  1164490
    23458,    20938
    23459,    20938
    23460,  1167498
    23461,  1166806
    23462,  1166941
    23463,     4163
    23464,    20919
    23465,  1167062
    23466,    20137
    23467,1000000020
    23468,1000000020
    23469,  1166941
    23470,  1167169
    23471,    20958
    23472,    20937
    23473,    20937
    23474,    20968
    23475,    20025
    23476,  1163609
    23477,  1163609
    23478,    20896
    23479,    20902
    23480,  1167169
    23481,    20889
    23482,    20024
    23483,    20024
    23484,    20090
    23485,  1167104
    23486,    20061
    23487,    20919
    23488,    20919
    23489,    21026
    23490,    20919
    23491,    20919
    23492,    20268
    23493,  1163526
    23494,  1167171
    23495,  1163513
    23496,    20297
    23497,    21053
    23498,  1167171
    23499,  1163513
    23500,     4085
    23501,    20297
    23502,    20300
    23503,    20231
    23504,  1166941
    23505,  1166941
    23506,    20032
    23507,    20138
    23508,    20907
    23509,  1165725
    23510,  1165725
    23511,1000000020
    23512,1000000020
    23513,1000000020
    23514,    20254
    23515,    20262
    23516,    20015
    23517,  1166094
    23518,  1166094
    23519,  1166094
    23520,     4085
    23521,    20783
    23522,    21048
    23523,  1167171
    23524,  1166393
    23525,  1167030
    23526,  1167030
    23527,    21040
    23528,    20247
    23529,  1167062
    23530,  1166393
    23531,  1163674
    23532,1000000020
    23533,    21028
    23534,    20156
    23535,    21039
    23536,  1167627
    23537,  1167573
    23539,  1167573
    23540,    21137
    23541,  1163524
    23542,    20352
    23543,    20352
    23544,    21075
    23546,    21184
    23549,    21107
    23550,  1165757
    23551,  1165757
    23552,  1165320
    23553,    21117
    23554, 42767725
    23555, 42767725
    23557,  1165040
    23558,    20510
    23559,    21137
    23560,  1166001
    23561,    21138
    23562,     4535
    23563, 42767725
    23564,  1163595
    23565,  1165320
    23566,    20355
    23567,    21075
    23568,    21075
    23569,    21075
    23570,  1164100
    23573,  1165396
    23574,    20331
    23575,     4525
    23576,    20428
    23577, 42770301
    23578, 42770301
    23579,  1163524
    23580,  1166606
    23581,    21167
    23582,    21167
    23583,1000000020
    23584,    20441
    23585,    20086
    23586,    20142
    23587,    20502
    23588,  1163524
    23589,    20429
    23590,    20471
    23592,    21083
    23593,    20178
    23595,  1167422
    23596,    21206
    23597,    21214
    23605,1000000020
    23607,    21246
    23610,    21255
    23681,1000000020
    23682,1000000020
    23700,1000000020
    23701,1000000020
    25941,    20258
    27186,    27196
    27187,    27686
    27188,    27228
    27189,1000000020
    27190,    27224
    27191,    27188
    27192,     4065
    27193,    27190
    27194,1000000020
    27195,    27688
    27196,1000000020
    27197,1000000020
    27198,    27210
    27199,    27206
    27200,    27229
    27201,1000000020
    27202,1000000020
    27203,    27187
    27204,    27187
    27205,    27689
    27206,    27216
    27207,    27217
    27208,    27210
    27209,    27210
    27210,1000000020
    27211,1000000020
    27212,    27215
    27213,    27215
    27214,    27210
    27215,    27210
    27216,    27210
    27217,    27210
    27218,    27198
    27219,     4065
    27220,    27210
    27221,1000000020
    27222,    27214
    27223,1000000020
    27224,     4065
    27225,    27210
    27226,1000000020
    27227,1000000020
    27228,    27225
    27229,    27218
    27230,    27187
    27684,    29300
    27686,    29291
    27687,    27195
    27688,1000000020
    27689,    27690
    27690,    27684
    28856,1000000020
    29290,1000000020
    29291,1000000020
    29292,    27210
    29293,    27684
    29294,     4065
    29295,     4065
    29296,    27210
    29297,1000000020
    29298,1000000020
    29299,    37575
    29300,     4065
    29301,1000000020
    29302,1000000020
    29303,1000000020
    29304,1000000020
    29305,1000000020
    29306,1000000020
    29307,    27210
    29308,1000000020
    29309,    27210
    30758,1000000020
    30759,1000000020
    30760,    27210
    30761,    27210
    30762,    27684
    30763,     4065
    30764,     4065
    31926,    20901
    37463,    37464
    37464,    37587
    37465,    37587
    37477,1000000020
    37502,1000000020
    37503,1000000020
    37504,1000000020
    37505,1000000020
    37506,1000000020
    37507,1000000020
    37508,1000000020
    37538,1000000020
    37575,    38349
    37587,    38350
    37611, 42782695
    37625,1000000020
    37637,1000000020
    37681,    37933
    37682,    37681
    37690,    37691
    37691,    38359
    37692,  2153074
    37693, 42782790
    37743,    38349
    37792,    37611
    37808,    37933
    37809,    37933
    37810,    37933
    37811,    37933
    37812,    37933
    37813,    37933
    37814,    37933
    37870,1000000020
    37871,1000000020
    37875,1000000020
    37889,1000000020
    37918,    37792
    37919,    37792
    37928,    38349
    37933,    38364
    37934,1000000020
    37935,1000000020
    37978,    38356
    38006,    37611
    38009,1000000020
    38010,    38069
    38011,    38349
    38020,    38357
    38069,    38164
    38074,1000000020
    38087,    37933
    38088,    38087
    38160,1000000020
    38164,    37928
    38165,    38356
    38180,    38088
    38317,1000000020
    38349,    37477
    38350,    37575
    38351,    37587
    38352,    37464
    38353,    38354
    38354,    38011
    38355,    38349
    38356,    38010
    38357,    38358
    38358,    38351
    38359,    37693
    38360,    37611
    38361,    37611
    38362,    37933
    38363,    38088
    38364,1000000020
    38365,1000000020
    38366,1000000020
    38367,1000000020
    38368,1000000020
    38369,1000000020
    38370,     4066
    38371,    38372
    38372,    38375
    38373,    38374
    38374,    38379
    38375,    38377
    38376,    38375
    38377,    38378
    38378,    38380
    38379,    38380
    38380,1000000020
    38381,    38380
    38382,    38380
    38383,    38380
    38384,    38385
    38385,    38386
    38386,    38387
    38387,    38388
    38388,1000000020
    38421,    38349
    38439,1000000020
    38440,1000000020
    38441,1000000020
    38443,    37933
    38464,    38380
    38465,  2153192
    38466,    38465
    38486,1000000020
    38487,1000000020
    38488,1000000020
    38489,1000000020
    38490,1000000020
    38557,    37933
    39376,  1163513
    41440,1000000020
  1163513,    20268
  1163516,    20153
  1163523,     4087
  1163524,     4150
  1163526,  1163513
  1163527,  1163565
  1163530,  1166606
  1141119,  1141120
  1141120,  1141121
  1141121,  1163573
  1163595,  1166529
  1163598,1000000020
  1163602,1000000020
  1163606,    20024
  1163607,    20912
  1163609,  1163574
  1163613,     4548
  1163614,  1163615
  1163615,  1167147
  1163619,    21204
  1163622,  1166364
  1163623,  1163622
  1163624,  1163622
  1163625,  2153575
  1163565,  1165008
  1163573,  1165981
  1163574,  1166254
  1163578, 42767725
  1163581,    21194
  1163589,     4531
  1163591,  1165041
  1163679,  1167104
  1163629,     4536
  1163631,    20097
  1163632,  1165838
  1163633,    20215
  1163635,  1163633
  1163646,  1165002
  1163647,  1163614
  1163649,     4535
  1163671,  1164916
  1163672,    20824
  1163673,  1166731
  1163674,  1163673
  1164076,  1164100
  1164093,  1164076
  1164100,  1165396
  1164185,  1167261
  1164490,  1166801
  1164493,    20179
  1164509,     4530
  1164521, 42767725
  1164522,    20864
  1164523,  1167168
  1164524,  1167168
  1164526,900017681
  1164528,  1167062
  1164685,  1167171
  1164616,     4157
  1164632,1000000020
  1165039,  1163647
  1165040,     4532
  1165041,  1167166
  1164876,    20268
  1164916,1000000020
  1164920,  1165859
  1164921,  1165859
  1165320,  1163646
  1165356,  1164076
  1165357,    20354
  1165002,  1165687
  1165008,     4087
  1165396,  1167521
  1165399,  1167627
  1165981,  1163609
  1166001,  1165320
  1166004,     4161
  1165838,     4079
  1165859,  1166606
  1165860,    20285
  1166045,  1166074
  1166052,  1163530
  1166249,1000000020
  1166254,  1163679
  1165687,  1163524
  1165890,     4527
  1166074,     4148
  1165897,    21106
  1166094,     4084
  1165725,  1164632
  1166098,    20441
  1165757,     4558
  1165759,     4077
  1165944,     4076
  1166529,  1163614
  1166606,  1165759
  1166946,1000000020
  1166947,    21171
  1166948,    20389
  1166355,  1166446
  1166643,  1163606
  1166977,  1163613
  1166979,     4082
  1166980,  1166979
  1166364,  1163589
  1166801,  1166804
  1166804,  1164528
  1166806,  1167419
  1166390,  1167030
  1166393,  1166980
  1166395, 42767725
  1167017,    20786
  1167030,    20868
  1166446,     4079
  1166731,  1163672
  1166871,  1164916
  1167062,  1166980
  1166895,  1163524
  1166494,     4080
  1166941,  1164685
  1167521,  1166001
  1167522,    20293
  1167147,    21138
  1167150,    21116
  1167164,1000000020
  1167166,  1167164
  1167554,     4083
  1167168,  1167498
  1167169,  1166977
  1167171,  1166390
  1167573,    21073
  1167575,    23145
  1167402,1000000020
  1167627,  1164185
  1167643,  1163602
  1167419,  1166355
  1167422,     4622
  1167261,  1165356
  1167104,  1166364
  1167489,  1163524
  1167497,  1166643
  1167498,  1163526
  2152032,    20481
  2151925,    20429
  2151926,1000000020
  2152769,    20055
  2152882,    21091
  2152804,    20842
  2152972,    20509
  2153074,    37792
  2153192,    38464
  2153315,    38370
  2153485,    20260
  2153668,    20979
  2153573,1000000020
  2153575,1000000020
  2153576,1000000020
 42758294,    20882
 42758194,    20048
 42757525,    20376
 42757811,    20027
 42757822,    20879
 42757891,  1163629
 42757453,  2152882
 42756886,    20915
 42757265,    20460
 42757266,    20013
 42757016,    20310
 42757350,    21085
 42759875,    20146
 42760820,    20401
 42760240,    21137
 42759993,    20053
 42759753,    20882
 42763408,    20180
 42762542,    20057
 42762037,1000000020
 42761425,     4170
 42761598,    20513
 42761600,    21100
 42761602,    21102
 42766328,     4164
 42766100,     4164
 42764671,    21114
 42765091,    20502
 42764509,    21083
 42767725, 42779321
 42766572,     4164
 42766966,     4164
 42766476,    21083
 42770301,    21155
 42770460,  1163524
 42769026,    20472
 42770003,    20262
 42771288,    20307
 42774936,  1163524
 42776324,1000000020
 42777230,    21311
 42780073,    20409
 42780244,    20903
 42779175, 42761598
 42779176,    20954
 42778915,    20860
 42779321,    20322
 42782790, 42781453
 42782495,    20976
 42783007, 42791272
 42782590,    20180
 42782595,    20180
 42782615,  1165356
 42783255,    20490
 42782695,    37682
 42783333,1000000020
 42781921,1000000020
 42781927,    20146
 42782001,    20256
 42781453,    37692
 42782092,    20387
 42782167,    21170
 42783769,    20449
 42783836,    20450
 42787496,    20849
 42786653,    20461
 42786727,    21164
 42786739,    27220
 42786479,    20035
 42791272,  1167422
 42791051,    21038
